#Abstand (mm)	Hz	     dB	      Zeitpunkt
0.000	2.735800E+9	-1.088000E+1	31.03.2021-13:58:01
0.201	2.735800E+9	-1.087200E+1	31.03.2021-13:58:01
0.401	2.735800E+9	-1.087700E+1	31.03.2021-13:58:01
0.602	2.735800E+9	-1.087500E+1	31.03.2021-13:58:01
0.802	2.735800E+9	-1.089200E+1	31.03.2021-13:58:01
1.003	2.735800E+9	-1.089500E+1	31.03.2021-13:58:02
1.204	2.735800E+9	-1.086100E+1	31.03.2021-13:58:02
1.404	2.735800E+9	-1.089700E+1	31.03.2021-13:58:02
1.605	2.735800E+9	-1.088800E+1	31.03.2021-13:58:02
1.805	2.735800E+9	-1.089100E+1	31.03.2021-13:58:02
2.006	2.735800E+9	-1.086800E+1	31.03.2021-13:58:02
2.206	2.735800E+9	-1.088500E+1	31.03.2021-13:58:03
2.407	2.735800E+9	-1.089300E+1	31.03.2021-13:58:03
2.608	2.735800E+9	-1.089800E+1	31.03.2021-13:58:03
2.808	2.735800E+9	-1.088200E+1	31.03.2021-13:58:03
3.009	2.735800E+9	-1.085600E+1	31.03.2021-13:58:03
3.209	2.735800E+9	-1.088400E+1	31.03.2021-13:58:04
3.410	2.735800E+9	-1.088100E+1	31.03.2021-13:58:04
3.611	2.735800E+9	-1.087600E+1	31.03.2021-13:58:04
3.811	2.735800E+9	-1.088900E+1	31.03.2021-13:58:04
4.012	2.735800E+9	-1.088900E+1	31.03.2021-13:58:04
4.212	2.735800E+9	-1.088200E+1	31.03.2021-13:58:04
4.413	2.735800E+9	-1.092400E+1	31.03.2021-13:58:05
4.614	2.735800E+9	-1.087200E+1	31.03.2021-13:58:05
4.814	2.735800E+9	-1.087800E+1	31.03.2021-13:58:05
5.015	2.735800E+9	-1.088600E+1	31.03.2021-13:58:05
5.215	2.735800E+9	-1.087700E+1	31.03.2021-13:58:05
5.416	2.735800E+9	-1.086300E+1	31.03.2021-13:58:06
5.616	2.735800E+9	-1.089300E+1	31.03.2021-13:58:06
5.817	2.735800E+9	-1.089100E+1	31.03.2021-13:58:06
6.018	2.735800E+9	-1.087300E+1	31.03.2021-13:58:06
6.218	2.735800E+9	-1.086200E+1	31.03.2021-13:58:06
6.419	2.735800E+9	-1.090100E+1	31.03.2021-13:58:06
6.619	2.735800E+9	-1.089000E+1	31.03.2021-13:58:07
6.820	2.735800E+9	-1.087500E+1	31.03.2021-13:58:07
7.021	2.735800E+9	-1.088200E+1	31.03.2021-13:58:07
7.221	2.735800E+9	-1.090000E+1	31.03.2021-13:58:07
7.422	2.735800E+9	-1.089800E+1	31.03.2021-13:58:07
7.622	2.735800E+9	-1.088500E+1	31.03.2021-13:58:08
7.823	2.735800E+9	-1.087900E+1	31.03.2021-13:58:08
8.024	2.735800E+9	-1.090000E+1	31.03.2021-13:58:08
8.224	2.735800E+9	-1.085600E+1	31.03.2021-13:58:08
8.425	2.735800E+9	-1.087400E+1	31.03.2021-13:58:08
8.625	2.735800E+9	-1.088800E+1	31.03.2021-13:58:08
8.826	2.735800E+9	-1.087200E+1	31.03.2021-13:58:09
9.026	2.735800E+9	-1.086600E+1	31.03.2021-13:58:09
9.227	2.735800E+9	-1.088200E+1	31.03.2021-13:58:09
9.428	2.735800E+9	-1.087100E+1	31.03.2021-13:58:09
9.628	2.735800E+9	-1.086400E+1	31.03.2021-13:58:09
9.829	2.735800E+9	-1.090400E+1	31.03.2021-13:58:10
10.029	2.735800E+9	-1.088300E+1	31.03.2021-13:58:10
10.230	2.735800E+9	-1.090700E+1	31.03.2021-13:58:10
10.431	2.735800E+9	-1.086600E+1	31.03.2021-13:58:10
10.631	2.735800E+9	-1.086100E+1	31.03.2021-13:58:10
10.832	2.735800E+9	-1.087800E+1	31.03.2021-13:58:11
11.032	2.735800E+9	-1.087000E+1	31.03.2021-13:58:11
11.233	2.735800E+9	-1.088300E+1	31.03.2021-13:58:11
11.434	2.735800E+9	-1.087000E+1	31.03.2021-13:58:11
11.634	2.735800E+9	-1.085600E+1	31.03.2021-13:58:11
11.835	2.735800E+9	-1.087900E+1	31.03.2021-13:58:11
12.035	2.735800E+9	-1.085700E+1	31.03.2021-13:58:12
12.236	2.735800E+9	-1.088300E+1	31.03.2021-13:58:12
12.436	2.735800E+9	-1.089300E+1	31.03.2021-13:58:12
12.637	2.735800E+9	-1.089200E+1	31.03.2021-13:58:12
12.838	2.735800E+9	-1.088400E+1	31.03.2021-13:58:12
13.038	2.735800E+9	-1.088800E+1	31.03.2021-13:58:13
13.239	2.735800E+9	-1.086900E+1	31.03.2021-13:58:13
13.439	2.735800E+9	-1.086800E+1	31.03.2021-13:58:13
13.640	2.735800E+9	-1.088300E+1	31.03.2021-13:58:13
13.841	2.735800E+9	-1.087600E+1	31.03.2021-13:58:13
14.041	2.735800E+9	-1.087200E+1	31.03.2021-13:58:13
14.242	2.735800E+9	-1.087600E+1	31.03.2021-13:58:14
14.442	2.735800E+9	-1.087300E+1	31.03.2021-13:58:14
14.643	2.735800E+9	-1.088000E+1	31.03.2021-13:58:14
14.844	2.735800E+9	-1.090000E+1	31.03.2021-13:58:14
15.044	2.735800E+9	-1.085900E+1	31.03.2021-13:58:14
15.245	2.735800E+9	-1.085600E+1	31.03.2021-13:58:15
15.445	2.735800E+9	-1.090300E+1	31.03.2021-13:58:15
15.646	2.735800E+9	-1.087000E+1	31.03.2021-13:58:15
15.846	2.735800E+9	-1.088000E+1	31.03.2021-13:58:15
16.047	2.735800E+9	-1.085900E+1	31.03.2021-13:58:15
16.248	2.735800E+9	-1.091600E+1	31.03.2021-13:58:15
16.448	2.735800E+9	-1.088400E+1	31.03.2021-13:58:16
16.649	2.735800E+9	-1.088400E+1	31.03.2021-13:58:16
16.849	2.735800E+9	-1.088100E+1	31.03.2021-13:58:16
17.050	2.735800E+9	-1.086700E+1	31.03.2021-13:58:16
17.251	2.735800E+9	-1.085600E+1	31.03.2021-13:58:16
17.451	2.735800E+9	-1.085900E+1	31.03.2021-13:58:17
17.652	2.735800E+9	-1.087100E+1	31.03.2021-13:58:17
17.852	2.735800E+9	-1.087300E+1	31.03.2021-13:58:17
18.053	2.735800E+9	-1.088600E+1	31.03.2021-13:58:17
18.254	2.735800E+9	-1.088300E+1	31.03.2021-13:58:17
18.454	2.735800E+9	-1.087400E+1	31.03.2021-13:58:18
18.655	2.735800E+9	-1.088400E+1	31.03.2021-13:58:18
18.855	2.735800E+9	-1.088100E+1	31.03.2021-13:58:18
19.056	2.735800E+9	-1.088300E+1	31.03.2021-13:58:18
19.256	2.735800E+9	-1.088900E+1	31.03.2021-13:58:18
19.457	2.735800E+9	-1.087800E+1	31.03.2021-13:58:18
19.658	2.735800E+9	-1.088700E+1	31.03.2021-13:58:19
19.858	2.735800E+9	-1.086700E+1	31.03.2021-13:58:19
20.059	2.735800E+9	-1.087500E+1	31.03.2021-13:58:19
20.259	2.735800E+9	-1.088400E+1	31.03.2021-13:58:19
20.460	2.735800E+9	-1.087700E+1	31.03.2021-13:58:19
20.661	2.735800E+9	-1.086500E+1	31.03.2021-13:58:20
20.861	2.735800E+9	-1.086500E+1	31.03.2021-13:58:20
21.062	2.735800E+9	-1.088600E+1	31.03.2021-13:58:20
21.262	2.735800E+9	-1.090000E+1	31.03.2021-13:58:20
21.463	2.735800E+9	-1.087900E+1	31.03.2021-13:58:20
21.664	2.735800E+9	-1.088300E+1	31.03.2021-13:58:20
21.864	2.735800E+9	-1.087000E+1	31.03.2021-13:58:21
22.065	2.735800E+9	-1.089000E+1	31.03.2021-13:58:21
22.265	2.735800E+9	-1.087400E+1	31.03.2021-13:58:21
22.466	2.735800E+9	-1.088700E+1	31.03.2021-13:58:21
22.666	2.735800E+9	-1.085300E+1	31.03.2021-13:58:21
22.867	2.735800E+9	-1.086300E+1	31.03.2021-13:58:22
23.068	2.735800E+9	-1.088100E+1	31.03.2021-13:58:22
23.268	2.735800E+9	-1.089800E+1	31.03.2021-13:58:22
23.469	2.735800E+9	-1.088500E+1	31.03.2021-13:58:22
23.669	2.735800E+9	-1.087600E+1	31.03.2021-13:58:22
23.870	2.735800E+9	-1.087600E+1	31.03.2021-13:58:22
24.071	2.735800E+9	-1.086800E+1	31.03.2021-13:58:23
24.271	2.735800E+9	-1.086600E+1	31.03.2021-13:58:23
24.472	2.735800E+9	-1.088300E+1	31.03.2021-13:58:23
24.672	2.735800E+9	-1.090000E+1	31.03.2021-13:58:23
24.873	2.735800E+9	-1.087500E+1	31.03.2021-13:58:23
25.074	2.735800E+9	-1.088300E+1	31.03.2021-13:58:24
25.274	2.735800E+9	-1.085700E+1	31.03.2021-13:58:24
25.475	2.735800E+9	-1.090200E+1	31.03.2021-13:58:24
25.675	2.735800E+9	-1.090000E+1	31.03.2021-13:58:24
25.876	2.735800E+9	-1.088700E+1	31.03.2021-13:58:24
26.076	2.735800E+9	-1.086500E+1	31.03.2021-13:58:24
26.277	2.735800E+9	-1.087500E+1	31.03.2021-13:58:25
26.478	2.735800E+9	-1.085200E+1	31.03.2021-13:58:25
26.678	2.735800E+9	-1.086500E+1	31.03.2021-13:58:25
26.879	2.735800E+9	-1.087400E+1	31.03.2021-13:58:25
27.079	2.735800E+9	-1.087400E+1	31.03.2021-13:58:25
27.280	2.735800E+9	-1.088700E+1	31.03.2021-13:58:26
27.481	2.735800E+9	-1.088500E+1	31.03.2021-13:58:26
27.681	2.735800E+9	-1.088800E+1	31.03.2021-13:58:26
27.882	2.735800E+9	-1.088000E+1	31.03.2021-13:58:26
28.082	2.735800E+9	-1.089400E+1	31.03.2021-13:58:26
28.283	2.735800E+9	-1.089200E+1	31.03.2021-13:58:27
28.484	2.735800E+9	-1.089200E+1	31.03.2021-13:58:27
28.684	2.735800E+9	-1.085400E+1	31.03.2021-13:58:27
28.885	2.735800E+9	-1.086200E+1	31.03.2021-13:58:27
29.085	2.735800E+9	-1.085500E+1	31.03.2021-13:58:27
29.286	2.735800E+9	-1.089000E+1	31.03.2021-13:58:27
29.486	2.735800E+9	-1.089100E+1	31.03.2021-13:58:28
29.687	2.735800E+9	-1.088200E+1	31.03.2021-13:58:28
29.888	2.735800E+9	-1.089000E+1	31.03.2021-13:58:28
30.088	2.735800E+9	-1.088300E+1	31.03.2021-13:58:28
30.289	2.735800E+9	-1.087900E+1	31.03.2021-13:58:28
30.489	2.735800E+9	-1.087000E+1	31.03.2021-13:58:29
30.690	2.735800E+9	-1.087900E+1	31.03.2021-13:58:29
30.891	2.735800E+9	-1.087500E+1	31.03.2021-13:58:29
31.091	2.735800E+9	-1.089800E+1	31.03.2021-13:58:29
31.292	2.735800E+9	-1.086900E+1	31.03.2021-13:58:29
31.492	2.735800E+9	-1.086200E+1	31.03.2021-13:58:29
31.693	2.735800E+9	-1.088100E+1	31.03.2021-13:58:30
31.894	2.735800E+9	-1.089700E+1	31.03.2021-13:58:30
32.094	2.735800E+9	-1.086700E+1	31.03.2021-13:58:30
32.295	2.735800E+9	-1.089200E+1	31.03.2021-13:58:30
32.495	2.735800E+9	-1.086100E+1	31.03.2021-13:58:30
32.696	2.735800E+9	-1.088200E+1	31.03.2021-13:58:31
32.896	2.735800E+9	-1.086500E+1	31.03.2021-13:58:31
33.097	2.735800E+9	-1.087800E+1	31.03.2021-13:58:31
33.298	2.735800E+9	-1.088600E+1	31.03.2021-13:58:31
33.498	2.735800E+9	-1.086900E+1	31.03.2021-13:58:31
33.699	2.735800E+9	-1.087200E+1	31.03.2021-13:58:31
33.899	2.735800E+9	-1.087600E+1	31.03.2021-13:58:32
34.100	2.735800E+9	-1.086300E+1	31.03.2021-13:58:32
34.301	2.735800E+9	-1.086900E+1	31.03.2021-13:58:32
34.501	2.735800E+9	-1.087800E+1	31.03.2021-13:58:32
34.702	2.735800E+9	-1.090400E+1	31.03.2021-13:58:32
34.902	2.735800E+9	-1.088100E+1	31.03.2021-13:58:33
35.103	2.735800E+9	-1.087000E+1	31.03.2021-13:58:33
35.304	2.735800E+9	-1.088600E+1	31.03.2021-13:58:33
35.504	2.735800E+9	-1.087300E+1	31.03.2021-13:58:33
35.705	2.735800E+9	-1.088900E+1	31.03.2021-13:58:33
35.905	2.735800E+9	-1.089300E+1	31.03.2021-13:58:33
36.106	2.735800E+9	-1.087300E+1	31.03.2021-13:58:34
36.306	2.735800E+9	-1.088600E+1	31.03.2021-13:58:34
36.507	2.735800E+9	-1.086200E+1	31.03.2021-13:58:34
36.708	2.735800E+9	-1.086600E+1	31.03.2021-13:58:34
36.908	2.735800E+9	-1.086900E+1	31.03.2021-13:58:34
37.109	2.735800E+9	-1.087500E+1	31.03.2021-13:58:35
37.309	2.735800E+9	-1.088800E+1	31.03.2021-13:58:35
37.510	2.735800E+9	-1.085400E+1	31.03.2021-13:58:35
37.711	2.735800E+9	-1.088700E+1	31.03.2021-13:58:35
37.911	2.735800E+9	-1.087100E+1	31.03.2021-13:58:35
38.112	2.735800E+9	-1.086900E+1	31.03.2021-13:58:36
38.312	2.735800E+9	-1.088100E+1	31.03.2021-13:58:36
38.513	2.735800E+9	-1.086900E+1	31.03.2021-13:58:36
38.714	2.735800E+9	-1.088200E+1	31.03.2021-13:58:36
38.914	2.735800E+9	-1.087100E+1	31.03.2021-13:58:36
39.115	2.735800E+9	-1.087500E+1	31.03.2021-13:58:36
39.315	2.735800E+9	-1.089200E+1	31.03.2021-13:58:37
39.516	2.735800E+9	-1.089200E+1	31.03.2021-13:58:37
39.716	2.735800E+9	-1.087800E+1	31.03.2021-13:58:37
39.917	2.735800E+9	-1.088400E+1	31.03.2021-13:58:37
40.118	2.735800E+9	-1.087000E+1	31.03.2021-13:58:37
40.318	2.735800E+9	-1.087000E+1	31.03.2021-13:58:38
40.519	2.735800E+9	-1.089200E+1	31.03.2021-13:58:38
40.719	2.735800E+9	-1.087800E+1	31.03.2021-13:58:38
40.920	2.735800E+9	-1.088400E+1	31.03.2021-13:58:38
41.121	2.735800E+9	-1.088100E+1	31.03.2021-13:58:38
41.321	2.735800E+9	-1.088300E+1	31.03.2021-13:58:38
41.522	2.735800E+9	-1.088000E+1	31.03.2021-13:58:39
41.722	2.735800E+9	-1.086500E+1	31.03.2021-13:58:39
41.923	2.735800E+9	-1.088500E+1	31.03.2021-13:58:39
42.124	2.735800E+9	-1.087000E+1	31.03.2021-13:58:39
42.324	2.735800E+9	-1.089900E+1	31.03.2021-13:58:39
42.525	2.735800E+9	-1.087200E+1	31.03.2021-13:58:40
42.725	2.735800E+9	-1.087900E+1	31.03.2021-13:58:40
42.926	2.735800E+9	-1.090800E+1	31.03.2021-13:58:40
43.126	2.735800E+9	-1.087200E+1	31.03.2021-13:58:40
43.327	2.735800E+9	-1.087800E+1	31.03.2021-13:58:40
43.528	2.735800E+9	-1.087600E+1	31.03.2021-13:58:41
43.728	2.735800E+9	-1.086100E+1	31.03.2021-13:58:41
43.929	2.735800E+9	-1.088300E+1	31.03.2021-13:58:41
44.129	2.735800E+9	-1.091300E+1	31.03.2021-13:58:41
44.330	2.735800E+9	-1.087800E+1	31.03.2021-13:58:41
44.531	2.735800E+9	-1.087300E+1	31.03.2021-13:58:41
44.731	2.735800E+9	-1.088100E+1	31.03.2021-13:58:42
44.932	2.735800E+9	-1.088200E+1	31.03.2021-13:58:42
45.132	2.735800E+9	-1.087300E+1	31.03.2021-13:58:42
45.333	2.735800E+9	-1.090500E+1	31.03.2021-13:58:42
45.534	2.735800E+9	-1.087800E+1	31.03.2021-13:58:42
45.734	2.735800E+9	-1.088700E+1	31.03.2021-13:58:43
45.935	2.735800E+9	-1.089500E+1	31.03.2021-13:58:43
46.135	2.735800E+9	-1.090000E+1	31.03.2021-13:58:43
46.336	2.735800E+9	-1.088300E+1	31.03.2021-13:58:43
46.536	2.735800E+9	-1.088000E+1	31.03.2021-13:58:43
46.737	2.735800E+9	-1.087800E+1	31.03.2021-13:58:43
46.938	2.735800E+9	-1.089600E+1	31.03.2021-13:58:44
47.138	2.735800E+9	-1.089300E+1	31.03.2021-13:58:44
47.339	2.735800E+9	-1.088800E+1	31.03.2021-13:58:44
47.539	2.735800E+9	-1.091800E+1	31.03.2021-13:58:44
47.740	2.735800E+9	-1.091200E+1	31.03.2021-13:58:44
47.941	2.735800E+9	-1.088300E+1	31.03.2021-13:58:45
48.141	2.735800E+9	-1.089500E+1	31.03.2021-13:58:45
48.342	2.735800E+9	-1.087100E+1	31.03.2021-13:58:45
48.542	2.735800E+9	-1.090800E+1	31.03.2021-13:58:45
48.743	2.735800E+9	-1.089600E+1	31.03.2021-13:58:45
48.944	2.735800E+9	-1.090200E+1	31.03.2021-13:58:45
49.144	2.735800E+9	-1.088000E+1	31.03.2021-13:58:46
49.345	2.735800E+9	-1.088100E+1	31.03.2021-13:58:46
49.545	2.735800E+9	-1.087900E+1	31.03.2021-13:58:46
49.746	2.735800E+9	-1.089200E+1	31.03.2021-13:58:46
49.946	2.735800E+9	-1.086300E+1	31.03.2021-13:58:46
50.147	2.735800E+9	-1.085700E+1	31.03.2021-13:58:47
50.348	2.735750E+9	-1.082900E+1	31.03.2021-13:58:47
50.548	2.735750E+9	-1.084000E+1	31.03.2021-13:58:47
50.749	2.735750E+9	-1.086900E+1	31.03.2021-13:58:47
50.949	2.735750E+9	-1.091500E+1	31.03.2021-13:58:47
51.150	2.735750E+9	-1.089300E+1	31.03.2021-13:58:48
51.351	2.735750E+9	-1.091200E+1	31.03.2021-13:58:48
51.551	2.735750E+9	-1.090600E+1	31.03.2021-13:58:48
51.752	2.735700E+9	-1.083800E+1	31.03.2021-13:58:48
51.952	2.735700E+9	-1.092700E+1	31.03.2021-13:58:48
52.153	2.735700E+9	-1.089300E+1	31.03.2021-13:58:48
52.354	2.735650E+9	-1.090800E+1	31.03.2021-13:58:49
52.554	2.735650E+9	-1.089600E+1	31.03.2021-13:58:49
52.755	2.735650E+9	-1.091000E+1	31.03.2021-13:58:49
52.955	2.735600E+9	-1.094000E+1	31.03.2021-13:58:49
53.156	2.735550E+9	-1.085500E+1	31.03.2021-13:58:49
53.356	2.735550E+9	-1.090900E+1	31.03.2021-13:58:50
53.557	2.735500E+9	-1.093300E+1	31.03.2021-13:58:50
53.758	2.735450E+9	-1.096700E+1	31.03.2021-13:58:50
53.958	2.735400E+9	-1.095400E+1	31.03.2021-13:58:50
54.159	2.735350E+9	-1.095200E+1	31.03.2021-13:58:50
54.359	2.735250E+9	-1.092300E+1	31.03.2021-13:58:50
54.560	2.735250E+9	-1.096800E+1	31.03.2021-13:58:51
54.761	2.735200E+9	-1.091400E+1	31.03.2021-13:58:51
54.961	2.735100E+9	-1.100000E+1	31.03.2021-13:58:51
55.162	2.735000E+9	-1.097000E+1	31.03.2021-13:58:51
55.362	2.734900E+9	-1.098100E+1	31.03.2021-13:58:51
55.563	2.734800E+9	-1.101700E+1	31.03.2021-13:58:52
55.764	2.734700E+9	-1.103400E+1	31.03.2021-13:58:52
55.964	2.734600E+9	-1.103100E+1	31.03.2021-13:58:52
56.165	2.734500E+9	-1.103500E+1	31.03.2021-13:58:52
56.365	2.734450E+9	-1.103100E+1	31.03.2021-13:58:52
56.566	2.734300E+9	-1.104000E+1	31.03.2021-13:58:53
56.766	2.734200E+9	-1.107800E+1	31.03.2021-13:58:53
56.967	2.734050E+9	-1.109600E+1	31.03.2021-13:58:53
57.168	2.733900E+9	-1.110700E+1	31.03.2021-13:58:53
57.368	2.733750E+9	-1.109100E+1	31.03.2021-13:58:53
57.569	2.733650E+9	-1.107000E+1	31.03.2021-13:58:53
57.769	2.733500E+9	-1.116400E+1	31.03.2021-13:58:54
57.970	2.733400E+9	-1.117500E+1	31.03.2021-13:58:54
58.171	2.733300E+9	-1.109400E+1	31.03.2021-13:58:54
58.371	2.733150E+9	-1.119500E+1	31.03.2021-13:58:54
58.572	2.733000E+9	-1.113900E+1	31.03.2021-13:58:54
58.772	2.732850E+9	-1.118400E+1	31.03.2021-13:58:55
58.973	2.732700E+9	-1.120100E+1	31.03.2021-13:58:55
59.174	2.732550E+9	-1.122600E+1	31.03.2021-13:58:55
59.374	2.732450E+9	-1.123900E+1	31.03.2021-13:58:55
59.575	2.732350E+9	-1.119400E+1	31.03.2021-13:58:55
59.775	2.732250E+9	-1.120700E+1	31.03.2021-13:58:55
59.976	2.732150E+9	-1.126200E+1	31.03.2021-13:58:56
60.176	2.732050E+9	-1.122400E+1	31.03.2021-13:58:56
60.377	2.731900E+9	-1.131000E+1	31.03.2021-13:58:56
60.578	2.731750E+9	-1.125900E+1	31.03.2021-13:58:56
60.778	2.731650E+9	-1.131000E+1	31.03.2021-13:58:56
60.979	2.731500E+9	-1.124600E+1	31.03.2021-13:58:57
61.179	2.731400E+9	-1.125300E+1	31.03.2021-13:58:57
61.380	2.731350E+9	-1.128500E+1	31.03.2021-13:58:57
61.581	2.731250E+9	-1.130200E+1	31.03.2021-13:58:57
61.781	2.731150E+9	-1.128200E+1	31.03.2021-13:58:57
61.982	2.731100E+9	-1.129700E+1	31.03.2021-13:58:57
62.182	2.731000E+9	-1.132200E+1	31.03.2021-13:58:58
62.383	2.730900E+9	-1.136500E+1	31.03.2021-13:58:58
62.584	2.730850E+9	-1.128800E+1	31.03.2021-13:58:58
62.784	2.730750E+9	-1.133100E+1	31.03.2021-13:58:58
62.985	2.730750E+9	-1.126900E+1	31.03.2021-13:58:58
63.185	2.730650E+9	-1.131700E+1	31.03.2021-13:58:59
63.386	2.730600E+9	-1.131100E+1	31.03.2021-13:58:59
63.586	2.730550E+9	-1.133700E+1	31.03.2021-13:58:59
63.787	2.730500E+9	-1.135700E+1	31.03.2021-13:58:59
63.988	2.730450E+9	-1.133400E+1	31.03.2021-13:58:59
64.188	2.730400E+9	-1.135000E+1	31.03.2021-13:58:59
64.389	2.730350E+9	-1.136100E+1	31.03.2021-13:59:00
64.589	2.730300E+9	-1.129800E+1	31.03.2021-13:59:00
64.790	2.730300E+9	-1.136300E+1	31.03.2021-13:59:00
64.991	2.730250E+9	-1.135400E+1	31.03.2021-13:59:00
65.191	2.730200E+9	-1.130700E+1	31.03.2021-13:59:00
65.392	2.730200E+9	-1.087300E+1	31.03.2021-13:59:01
65.592	2.730150E+9	-1.134900E+1	31.03.2021-13:59:01
65.793	2.730100E+9	-1.135200E+1	31.03.2021-13:59:01
65.994	2.730100E+9	-1.128100E+1	31.03.2021-13:59:01
66.194	2.730050E+9	-1.134100E+1	31.03.2021-13:59:01
66.395	2.730050E+9	-1.132000E+1	31.03.2021-13:59:02
66.595	2.730050E+9	-1.126100E+1	31.03.2021-13:59:02
66.796	2.730000E+9	-1.134600E+1	31.03.2021-13:59:02
66.996	2.730000E+9	-1.129700E+1	31.03.2021-13:59:02
67.197	2.730000E+9	-1.114700E+1	31.03.2021-13:59:02
67.398	2.730000E+9	-1.085900E+1	31.03.2021-13:59:02
67.598	2.730000E+9	-1.053300E+1	31.03.2021-13:59:03
67.799	2.730000E+9	-1.024500E+1	31.03.2021-13:59:03
67.999	2.730000E+9	-1.004400E+1	31.03.2021-13:59:03
68.200	2.730000E+9	-9.726000E+0	31.03.2021-13:59:03
68.401	2.730000E+9	-9.477000E+0	31.03.2021-13:59:03
68.601	2.730000E+9	-9.119000E+0	31.03.2021-13:59:04
68.802	2.730000E+9	-8.863000E+0	31.03.2021-13:59:04
69.002	2.730000E+9	-8.582000E+0	31.03.2021-13:59:04
69.203	2.730000E+9	-8.336000E+0	31.03.2021-13:59:04
69.404	2.730000E+9	-8.120000E+0	31.03.2021-13:59:04
69.604	2.730000E+9	-7.996000E+0	31.03.2021-13:59:04
69.805	2.730000E+9	-7.828000E+0	31.03.2021-13:59:05
70.005	2.730000E+9	-7.684000E+0	31.03.2021-13:59:05
70.206	2.730000E+9	-7.536000E+0	31.03.2021-13:59:05
70.406	2.730000E+9	-7.360000E+0	31.03.2021-13:59:05
70.607	2.730000E+9	-7.197000E+0	31.03.2021-13:59:05
70.808	2.730000E+9	-7.043000E+0	31.03.2021-13:59:06
71.008	2.730000E+9	-6.916000E+0	31.03.2021-13:59:06
71.209	2.730000E+9	-6.814000E+0	31.03.2021-13:59:06
71.409	2.730000E+9	-6.754000E+0	31.03.2021-13:59:06
71.610	2.730000E+9	-6.652000E+0	31.03.2021-13:59:06
71.811	2.730000E+9	-6.570000E+0	31.03.2021-13:59:06
72.011	2.730000E+9	-6.459000E+0	31.03.2021-13:59:07
72.212	2.730000E+9	-6.291000E+0	31.03.2021-13:59:07
72.412	2.730000E+9	-6.302000E+0	31.03.2021-13:59:07
72.613	2.730000E+9	-6.245000E+0	31.03.2021-13:59:07
72.814	2.730000E+9	-6.184000E+0	31.03.2021-13:59:07
73.014	2.730000E+9	-6.134000E+0	31.03.2021-13:59:08
73.215	2.730000E+9	-6.120000E+0	31.03.2021-13:59:08
73.415	2.730000E+9	-6.041000E+0	31.03.2021-13:59:08
73.616	2.730000E+9	-6.005000E+0	31.03.2021-13:59:08
73.816	2.730000E+9	-5.959000E+0	31.03.2021-13:59:08
74.017	2.730000E+9	-5.879000E+0	31.03.2021-13:59:09
74.218	2.730000E+9	-5.850000E+0	31.03.2021-13:59:09
74.418	2.730000E+9	-5.786000E+0	31.03.2021-13:59:09
74.619	2.730000E+9	-5.778000E+0	31.03.2021-13:59:09
74.819	2.730000E+9	-5.729000E+0	31.03.2021-13:59:09
75.020	2.730000E+9	-5.718000E+0	31.03.2021-13:59:09
75.221	2.730000E+9	-5.665000E+0	31.03.2021-13:59:10
75.421	2.730000E+9	-5.635000E+0	31.03.2021-13:59:10
75.622	2.730000E+9	-5.652000E+0	31.03.2021-13:59:10
75.822	2.730000E+9	-5.589000E+0	31.03.2021-13:59:10
76.023	2.730000E+9	-5.600000E+0	31.03.2021-13:59:10
76.224	2.730000E+9	-5.565000E+0	31.03.2021-13:59:11
76.424	2.730000E+9	-5.563000E+0	31.03.2021-13:59:11
76.625	2.730000E+9	-5.592000E+0	31.03.2021-13:59:11
76.825	2.730000E+9	-5.539000E+0	31.03.2021-13:59:11
77.026	2.730000E+9	-5.580000E+0	31.03.2021-13:59:11
77.226	2.730000E+9	-5.542000E+0	31.03.2021-13:59:11
77.427	2.730000E+9	-5.570000E+0	31.03.2021-13:59:12
77.628	2.730000E+9	-5.556000E+0	31.03.2021-13:59:12
77.828	2.730000E+9	-5.551000E+0	31.03.2021-13:59:12
78.029	2.730000E+9	-5.593000E+0	31.03.2021-13:59:12
78.229	2.730000E+9	-5.546000E+0	31.03.2021-13:59:12
78.430	2.730000E+9	-5.645000E+0	31.03.2021-13:59:13
78.631	2.730000E+9	-5.611000E+0	31.03.2021-13:59:13
78.831	2.730000E+9	-5.677000E+0	31.03.2021-13:59:13
79.032	2.730000E+9	-5.722000E+0	31.03.2021-13:59:13
79.232	2.730000E+9	-5.725000E+0	31.03.2021-13:59:13
79.433	2.730000E+9	-5.800000E+0	31.03.2021-13:59:13
79.634	2.730000E+9	-5.741000E+0	31.03.2021-13:59:14
79.834	2.730000E+9	-5.892000E+0	31.03.2021-13:59:14
80.035	2.730000E+9	-5.872000E+0	31.03.2021-13:59:14
80.235	2.730000E+9	-5.985000E+0	31.03.2021-13:59:14
80.436	2.730000E+9	-6.091000E+0	31.03.2021-13:59:14
80.636	2.730000E+9	-6.217000E+0	31.03.2021-13:59:15
80.837	2.730000E+9	-6.353000E+0	31.03.2021-13:59:15
81.038	2.730000E+9	-6.499000E+0	31.03.2021-13:59:15
81.238	2.730000E+9	-6.577000E+0	31.03.2021-13:59:15
81.439	2.730000E+9	-6.735000E+0	31.03.2021-13:59:15
81.639	2.730000E+9	-6.955000E+0	31.03.2021-13:59:16
81.840	2.730000E+9	-7.123000E+0	31.03.2021-13:59:16
82.041	2.730000E+9	-7.480000E+0	31.03.2021-13:59:16
82.241	2.730000E+9	-7.750000E+0	31.03.2021-13:59:16
82.442	2.730000E+9	-8.080000E+0	31.03.2021-13:59:16
82.642	2.730000E+9	-8.339000E+0	31.03.2021-13:59:16
82.843	2.730000E+9	-8.526000E+0	31.03.2021-13:59:17
83.044	2.730000E+9	-8.888000E+0	31.03.2021-13:59:17
83.244	2.730000E+9	-9.268000E+0	31.03.2021-13:59:17
83.445	2.730000E+9	-9.622000E+0	31.03.2021-13:59:17
83.645	2.730000E+9	-1.007600E+1	31.03.2021-13:59:17
83.846	2.730000E+9	-1.053600E+1	31.03.2021-13:59:18
84.046	2.730000E+9	-1.080900E+1	31.03.2021-13:59:18
84.247	2.730000E+9	-1.104400E+1	31.03.2021-13:59:18
84.448	2.730000E+9	-1.110700E+1	31.03.2021-13:59:18
84.648	2.730000E+9	-1.108100E+1	31.03.2021-13:59:18
84.849	2.730050E+9	-1.103200E+1	31.03.2021-13:59:18
85.049	2.730050E+9	-1.109700E+1	31.03.2021-13:59:19
85.250	2.730050E+9	-1.103100E+1	31.03.2021-13:59:19
85.451	2.730100E+9	-1.103100E+1	31.03.2021-13:59:19
85.651	2.730100E+9	-1.102800E+1	31.03.2021-13:59:19
85.852	2.730100E+9	-1.101100E+1	31.03.2021-13:59:19
86.052	2.730150E+9	-1.099100E+1	31.03.2021-13:59:20
86.253	2.730150E+9	-1.103800E+1	31.03.2021-13:59:20
86.454	2.730150E+9	-1.102000E+1	31.03.2021-13:59:20
86.654	2.730150E+9	-1.104600E+1	31.03.2021-13:59:20
86.855	2.730150E+9	-1.104300E+1	31.03.2021-13:59:20
87.055	2.730150E+9	-1.100500E+1	31.03.2021-13:59:21
87.256	2.730150E+9	-1.102900E+1	31.03.2021-13:59:21
87.456	2.730150E+9	-1.099500E+1	31.03.2021-13:59:21
87.657	2.730150E+9	-1.101800E+1	31.03.2021-13:59:21
87.858	2.730150E+9	-1.096500E+1	31.03.2021-13:59:21
88.058	2.730150E+9	-1.096100E+1	31.03.2021-13:59:21
88.259	2.730100E+9	-1.096900E+1	31.03.2021-13:59:22
88.459	2.730100E+9	-1.101000E+1	31.03.2021-13:59:22
88.660	2.730100E+9	-1.097700E+1	31.03.2021-13:59:22
88.861	2.730050E+9	-1.098300E+1	31.03.2021-13:59:22
89.061	2.730050E+9	-1.098700E+1	31.03.2021-13:59:22
89.262	2.730000E+9	-1.091500E+1	31.03.2021-13:59:23
89.462	2.730000E+9	-1.094500E+1	31.03.2021-13:59:23
89.663	2.730000E+9	-1.096500E+1	31.03.2021-13:59:23
89.864	2.730000E+9	-1.088100E+1	31.03.2021-13:59:23
90.064	2.730000E+9	-1.066100E+1	31.03.2021-13:59:23
90.265	2.730000E+9	-1.031500E+1	31.03.2021-13:59:23
90.465	2.730000E+9	-9.778000E+0	31.03.2021-13:59:24
90.666	2.730000E+9	-8.968000E+0	31.03.2021-13:59:24
90.866	2.730000E+9	-8.873000E+0	31.03.2021-13:59:24
91.067	2.730000E+9	-8.480000E+0	31.03.2021-13:59:24
91.268	2.730000E+9	-8.268000E+0	31.03.2021-13:59:24
91.468	2.730000E+9	-7.970000E+0	31.03.2021-13:59:25
91.669	2.730000E+9	-7.625000E+0	31.03.2021-13:59:25
91.869	2.730000E+9	-7.322000E+0	31.03.2021-13:59:25
92.070	2.730000E+9	-7.030000E+0	31.03.2021-13:59:25
92.271	2.730000E+9	-6.820000E+0	31.03.2021-13:59:25
92.471	2.730000E+9	-6.630000E+0	31.03.2021-13:59:26
92.672	2.730000E+9	-6.463000E+0	31.03.2021-13:59:26
92.872	2.730000E+9	-6.441000E+0	31.03.2021-13:59:26
93.073	2.730000E+9	-6.302000E+0	31.03.2021-13:59:26
93.274	2.730000E+9	-6.203000E+0	31.03.2021-13:59:26
93.474	2.730000E+9	-6.048000E+0	31.03.2021-13:59:26
93.675	2.730000E+9	-5.966000E+0	31.03.2021-13:59:27
93.875	2.730000E+9	-5.829000E+0	31.03.2021-13:59:27
94.076	2.730000E+9	-5.785000E+0	31.03.2021-13:59:27
94.276	2.730000E+9	-5.677000E+0	31.03.2021-13:59:27
94.477	2.730000E+9	-5.658000E+0	31.03.2021-13:59:27
94.678	2.730000E+9	-5.580000E+0	31.03.2021-13:59:28
94.878	2.730000E+9	-5.548000E+0	31.03.2021-13:59:28
95.079	2.730000E+9	-5.510000E+0	31.03.2021-13:59:28
95.279	2.730000E+9	-5.462000E+0	31.03.2021-13:59:28
95.480	2.730000E+9	-5.433000E+0	31.03.2021-13:59:28
95.681	2.730000E+9	-5.400000E+0	31.03.2021-13:59:28
95.881	2.730000E+9	-5.396000E+0	31.03.2021-13:59:29
96.082	2.730000E+9	-5.363000E+0	31.03.2021-13:59:29
96.282	2.730000E+9	-5.356000E+0	31.03.2021-13:59:29
96.483	2.730000E+9	-5.337000E+0	31.03.2021-13:59:29
96.684	2.730000E+9	-5.345000E+0	31.03.2021-13:59:29
96.884	2.730000E+9	-5.336000E+0	31.03.2021-13:59:30
97.085	2.730000E+9	-5.320000E+0	31.03.2021-13:59:30
97.285	2.730000E+9	-5.343000E+0	31.03.2021-13:59:30
97.486	2.730000E+9	-5.337000E+0	31.03.2021-13:59:30
97.686	2.730000E+9	-5.352000E+0	31.03.2021-13:59:30
97.887	2.730000E+9	-5.355000E+0	31.03.2021-13:59:30
98.088	2.730000E+9	-5.353000E+0	31.03.2021-13:59:31
98.288	2.730000E+9	-5.380000E+0	31.03.2021-13:59:31
98.489	2.730000E+9	-5.380000E+0	31.03.2021-13:59:31
98.689	2.730000E+9	-5.420000E+0	31.03.2021-13:59:31
98.890	2.730000E+9	-5.398000E+0	31.03.2021-13:59:31
99.091	2.730000E+9	-5.485000E+0	31.03.2021-13:59:32
99.291	2.730000E+9	-5.403000E+0	31.03.2021-13:59:32
99.492	2.730000E+9	-5.525000E+0	31.03.2021-13:59:32
99.692	2.730000E+9	-5.441000E+0	31.03.2021-13:59:32
99.893	2.730000E+9	-5.559000E+0	31.03.2021-13:59:32
100.094	2.730000E+9	-5.511000E+0	31.03.2021-13:59:33
100.294	2.730000E+9	-5.593000E+0	31.03.2021-13:59:33
100.495	2.730000E+9	-5.573000E+0	31.03.2021-13:59:33
100.695	2.730000E+9	-5.714000E+0	31.03.2021-13:59:33
100.896	2.730000E+9	-5.657000E+0	31.03.2021-13:59:33
101.096	2.730000E+9	-5.767000E+0	31.03.2021-13:59:33
101.297	2.730000E+9	-5.720000E+0	31.03.2021-13:59:34
101.498	2.730000E+9	-5.810000E+0	31.03.2021-13:59:34
101.698	2.730000E+9	-5.837000E+0	31.03.2021-13:59:34
101.899	2.730000E+9	-5.894000E+0	31.03.2021-13:59:34
102.099	2.730000E+9	-5.963000E+0	31.03.2021-13:59:34
102.300	2.730000E+9	-5.994000E+0	31.03.2021-13:59:35
102.501	2.730000E+9	-6.089000E+0	31.03.2021-13:59:35
102.701	2.730000E+9	-6.069000E+0	31.03.2021-13:59:35
102.902	2.730000E+9	-6.161000E+0	31.03.2021-13:59:35
103.102	2.730000E+9	-6.176000E+0	31.03.2021-13:59:35
103.303	2.730000E+9	-6.287000E+0	31.03.2021-13:59:35
103.504	2.730000E+9	-6.318000E+0	31.03.2021-13:59:36
103.704	2.730000E+9	-6.447000E+0	31.03.2021-13:59:36
103.905	2.730000E+9	-6.509000E+0	31.03.2021-13:59:36
104.105	2.730000E+9	-6.614000E+0	31.03.2021-13:59:36
104.306	2.730000E+9	-6.672000E+0	31.03.2021-13:59:36
104.506	2.730000E+9	-6.763000E+0	31.03.2021-13:59:37
104.707	2.730000E+9	-6.794000E+0	31.03.2021-13:59:37
104.908	2.730000E+9	-6.993000E+0	31.03.2021-13:59:37
105.108	2.730000E+9	-7.049000E+0	31.03.2021-13:59:37
105.309	2.730000E+9	-7.241000E+0	31.03.2021-13:59:37
105.509	2.730000E+9	-7.327000E+0	31.03.2021-13:59:37
105.710	2.730000E+9	-7.503000E+0	31.03.2021-13:59:38
105.911	2.730000E+9	-7.605000E+0	31.03.2021-13:59:38
106.111	2.730000E+9	-7.711000E+0	31.03.2021-13:59:38
106.312	2.730000E+9	-7.823000E+0	31.03.2021-13:59:38
106.512	2.730000E+9	-8.055000E+0	31.03.2021-13:59:38
106.713	2.730000E+9	-8.180000E+0	31.03.2021-13:59:39
106.914	2.730000E+9	-8.453000E+0	31.03.2021-13:59:39
107.114	2.730000E+9	-8.683000E+0	31.03.2021-13:59:39
107.315	2.730000E+9	-8.967000E+0	31.03.2021-13:59:39
107.515	2.730000E+9	-9.164000E+0	31.03.2021-13:59:39
107.716	2.730000E+9	-9.314000E+0	31.03.2021-13:59:39
107.916	2.730000E+9	-9.539000E+0	31.03.2021-13:59:40
108.117	2.730000E+9	-9.824000E+0	31.03.2021-13:59:40
108.318	2.730000E+9	-1.012800E+1	31.03.2021-13:59:40
108.518	2.730000E+9	-1.040900E+1	31.03.2021-13:59:40
108.719	2.730000E+9	-1.060800E+1	31.03.2021-13:59:40
108.919	2.730000E+9	-1.073600E+1	31.03.2021-13:59:41
109.120	2.730000E+9	-1.080400E+1	31.03.2021-13:59:41
109.321	2.730000E+9	-1.078100E+1	31.03.2021-13:59:41
109.521	2.730000E+9	-1.074800E+1	31.03.2021-13:59:41
109.722	2.730050E+9	-1.078500E+1	31.03.2021-13:59:41
109.922	2.730050E+9	-1.076300E+1	31.03.2021-13:59:41
110.123	2.730100E+9	-1.078400E+1	31.03.2021-13:59:42
110.324	2.730100E+9	-1.077200E+1	31.03.2021-13:59:42
110.524	2.730150E+9	-1.080700E+1	31.03.2021-13:59:42
110.725	2.730200E+9	-1.076800E+1	31.03.2021-13:59:42
110.925	2.730200E+9	-1.081400E+1	31.03.2021-13:59:42
111.126	2.730250E+9	-1.075300E+1	31.03.2021-13:59:43
111.326	2.730250E+9	-1.082600E+1	31.03.2021-13:59:43
111.527	2.730300E+9	-1.080600E+1	31.03.2021-13:59:43
111.728	2.730350E+9	-1.079500E+1	31.03.2021-13:59:43
111.928	2.730350E+9	-1.073700E+1	31.03.2021-13:59:43
112.129	2.730400E+9	-1.075000E+1	31.03.2021-13:59:44
112.329	2.730450E+9	-1.082500E+1	31.03.2021-13:59:44
112.530	2.730500E+9	-1.085000E+1	31.03.2021-13:59:44
112.731	2.730550E+9	-1.081000E+1	31.03.2021-13:59:44
112.931	2.730600E+9	-1.078900E+1	31.03.2021-13:59:44
113.132	2.730650E+9	-1.079500E+1	31.03.2021-13:59:44
113.332	2.730700E+9	-1.081600E+1	31.03.2021-13:59:45
113.533	2.730750E+9	-1.082600E+1	31.03.2021-13:59:45
113.734	2.730800E+9	-1.078400E+1	31.03.2021-13:59:45
113.934	2.730900E+9	-1.087300E+1	31.03.2021-13:59:45
114.135	2.730950E+9	-1.086100E+1	31.03.2021-13:59:45
114.335	2.731000E+9	-1.084700E+1	31.03.2021-13:59:46
114.536	2.731100E+9	-1.087000E+1	31.03.2021-13:59:46
114.736	2.731150E+9	-1.083200E+1	31.03.2021-13:59:46
114.937	2.731250E+9	-1.083700E+1	31.03.2021-13:59:46
115.138	2.731350E+9	-1.085900E+1	31.03.2021-13:59:46
115.338	2.731450E+9	-1.081000E+1	31.03.2021-13:59:46
115.539	2.731550E+9	-1.087600E+1	31.03.2021-13:59:47
115.739	2.731650E+9	-1.090100E+1	31.03.2021-13:59:47
115.940	2.731700E+9	-1.087500E+1	31.03.2021-13:59:47
116.141	2.731800E+9	-1.089400E+1	31.03.2021-13:59:47
116.341	2.731900E+9	-1.086300E+1	31.03.2021-13:59:47
116.542	2.732000E+9	-1.087200E+1	31.03.2021-13:59:48
116.742	2.732100E+9	-1.085000E+1	31.03.2021-13:59:48
116.943	2.732250E+9	-1.087400E+1	31.03.2021-13:59:48
117.144	2.732400E+9	-1.085500E+1	31.03.2021-13:59:48
117.344	2.732500E+9	-1.088400E+1	31.03.2021-13:59:48
117.545	2.732600E+9	-1.084100E+1	31.03.2021-13:59:48
117.745	2.732700E+9	-1.092300E+1	31.03.2021-13:59:49
117.946	2.732850E+9	-1.090100E+1	31.03.2021-13:59:49
118.146	2.732950E+9	-1.091100E+1	31.03.2021-13:59:49
118.347	2.733150E+9	-1.090500E+1	31.03.2021-13:59:49
118.548	2.733300E+9	-1.088200E+1	31.03.2021-13:59:49
118.748	2.733450E+9	-1.093500E+1	31.03.2021-13:59:50
118.949	2.733550E+9	-1.084300E+1	31.03.2021-13:59:50
119.149	2.733700E+9	-1.093200E+1	31.03.2021-13:59:50
119.350	2.733750E+9	-1.088700E+1	31.03.2021-13:59:50
119.551	2.733950E+9	-1.087100E+1	31.03.2021-13:59:50
119.751	2.734050E+9	-1.092100E+1	31.03.2021-13:59:51
119.952	2.734200E+9	-1.086900E+1	31.03.2021-13:59:51
120.152	2.734250E+9	-1.090000E+1	31.03.2021-13:59:51
120.353	2.734350E+9	-1.091300E+1	31.03.2021-13:59:51
120.554	2.734600E+9	-1.085300E+1	31.03.2021-13:59:51
120.754	2.734650E+9	-1.090700E+1	31.03.2021-13:59:51
120.955	2.734750E+9	-1.093900E+1	31.03.2021-13:59:52
121.155	2.734850E+9	-1.086900E+1	31.03.2021-13:59:52
121.356	2.734950E+9	-1.088800E+1	31.03.2021-13:59:52
121.556	2.735050E+9	-1.091600E+1	31.03.2021-13:59:52
121.757	2.735100E+9	-1.090900E+1	31.03.2021-13:59:52
121.958	2.735200E+9	-1.091300E+1	31.03.2021-13:59:53
122.158	2.735250E+9	-1.090100E+1	31.03.2021-13:59:53
122.359	2.735300E+9	-1.091000E+1	31.03.2021-13:59:53
122.559	2.735350E+9	-1.083400E+1	31.03.2021-13:59:53
122.760	2.735350E+9	-1.086800E+1	31.03.2021-13:59:53
122.961	2.735450E+9	-1.087300E+1	31.03.2021-13:59:54
123.161	2.735450E+9	-1.086300E+1	31.03.2021-13:59:54
123.362	2.735450E+9	-1.084300E+1	31.03.2021-13:59:54
123.562	2.735550E+9	-1.089600E+1	31.03.2021-13:59:54
123.763	2.735600E+9	-1.088500E+1	31.03.2021-13:59:54
123.964	2.735600E+9	-1.086500E+1	31.03.2021-13:59:55
124.164	2.735650E+9	-1.084900E+1	31.03.2021-13:59:55
124.365	2.735650E+9	-1.083100E+1	31.03.2021-13:59:55
124.565	2.735650E+9	-1.086000E+1	31.03.2021-13:59:55
124.766	2.735700E+9	-1.088100E+1	31.03.2021-13:59:55
124.966	2.735700E+9	-1.089000E+1	31.03.2021-13:59:55
125.167	2.735700E+9	-1.085600E+1	31.03.2021-13:59:56
125.368	2.735750E+9	-1.084400E+1	31.03.2021-13:59:56
125.568	2.735750E+9	-1.089500E+1	31.03.2021-13:59:56
125.769	2.735750E+9	-1.091800E+1	31.03.2021-13:59:56
125.969	2.735750E+9	-1.091100E+1	31.03.2021-13:59:56
126.170	2.735750E+9	-1.089300E+1	31.03.2021-13:59:57
126.371	2.735750E+9	-1.085500E+1	31.03.2021-13:59:57
126.571	2.735750E+9	-1.082500E+1	31.03.2021-13:59:57
126.772	2.735800E+9	-1.083100E+1	31.03.2021-13:59:57
126.972	2.735800E+9	-1.088000E+1	31.03.2021-13:59:57
127.173	2.735800E+9	-1.087500E+1	31.03.2021-13:59:58
127.374	2.735800E+9	-1.087000E+1	31.03.2021-13:59:58
127.574	2.735800E+9	-1.089000E+1	31.03.2021-13:59:58
127.775	2.735800E+9	-1.088200E+1	31.03.2021-13:59:58
127.975	2.735800E+9	-1.090400E+1	31.03.2021-13:59:58
128.176	2.735800E+9	-1.087900E+1	31.03.2021-13:59:58
128.376	2.735800E+9	-1.089600E+1	31.03.2021-13:59:59
128.577	2.735800E+9	-1.088800E+1	31.03.2021-13:59:59
128.778	2.735800E+9	-1.090500E+1	31.03.2021-13:59:59
128.978	2.735800E+9	-1.087400E+1	31.03.2021-13:59:59
129.179	2.735800E+9	-1.090000E+1	31.03.2021-13:59:59
129.379	2.735800E+9	-1.087800E+1	31.03.2021-14:00:00
129.580	2.735800E+9	-1.087200E+1	31.03.2021-14:00:00
129.781	2.735800E+9	-1.087800E+1	31.03.2021-14:00:00
129.981	2.735800E+9	-1.088800E+1	31.03.2021-14:00:00
130.182	2.735800E+9	-1.088300E+1	31.03.2021-14:00:00
130.382	2.735800E+9	-1.089000E+1	31.03.2021-14:00:00
130.583	2.735800E+9	-1.088100E+1	31.03.2021-14:00:01
130.784	2.735800E+9	-1.087400E+1	31.03.2021-14:00:01
130.984	2.735800E+9	-1.086100E+1	31.03.2021-14:00:01
131.185	2.735800E+9	-1.089200E+1	31.03.2021-14:00:01
131.385	2.735800E+9	-1.088700E+1	31.03.2021-14:00:01
131.586	2.735800E+9	-1.089000E+1	31.03.2021-14:00:02
131.786	2.735800E+9	-1.086300E+1	31.03.2021-14:00:02
131.987	2.735800E+9	-1.086600E+1	31.03.2021-14:00:02
132.188	2.735800E+9	-1.087900E+1	31.03.2021-14:00:02
132.388	2.735800E+9	-1.089100E+1	31.03.2021-14:00:02
132.589	2.735800E+9	-1.088100E+1	31.03.2021-14:00:02
132.789	2.735800E+9	-1.085100E+1	31.03.2021-14:00:03
132.990	2.735800E+9	-1.087800E+1	31.03.2021-14:00:03
133.191	2.735800E+9	-1.087700E+1	31.03.2021-14:00:03
133.391	2.735800E+9	-1.087100E+1	31.03.2021-14:00:03
133.592	2.735800E+9	-1.087000E+1	31.03.2021-14:00:03
133.792	2.735800E+9	-1.086400E+1	31.03.2021-14:00:04
133.993	2.735800E+9	-1.089600E+1	31.03.2021-14:00:04
134.194	2.735800E+9	-1.087100E+1	31.03.2021-14:00:04
134.394	2.735800E+9	-1.087100E+1	31.03.2021-14:00:04
134.595	2.735800E+9	-1.086700E+1	31.03.2021-14:00:04
134.795	2.735800E+9	-1.086000E+1	31.03.2021-14:00:04
134.996	2.735800E+9	-1.087400E+1	31.03.2021-14:00:05
135.196	2.735800E+9	-1.085900E+1	31.03.2021-14:00:05
135.397	2.735800E+9	-1.086500E+1	31.03.2021-14:00:05
135.598	2.735800E+9	-1.086800E+1	31.03.2021-14:00:05
135.798	2.735800E+9	-1.088600E+1	31.03.2021-14:00:05
135.999	2.735800E+9	-1.087400E+1	31.03.2021-14:00:06
136.199	2.735800E+9	-1.087100E+1	31.03.2021-14:00:06
136.400	2.735800E+9	-1.087400E+1	31.03.2021-14:00:06
136.601	2.735800E+9	-1.085700E+1	31.03.2021-14:00:06
136.801	2.735800E+9	-1.086800E+1	31.03.2021-14:00:06
137.002	2.735800E+9	-1.087800E+1	31.03.2021-14:00:06
137.202	2.735800E+9	-1.086800E+1	31.03.2021-14:00:07
137.403	2.735800E+9	-1.088900E+1	31.03.2021-14:00:07
137.604	2.735800E+9	-1.085500E+1	31.03.2021-14:00:07
137.804	2.735800E+9	-1.085100E+1	31.03.2021-14:00:07
138.005	2.735800E+9	-1.087800E+1	31.03.2021-14:00:07
138.205	2.735800E+9	-1.085100E+1	31.03.2021-14:00:08
138.406	2.735800E+9	-1.085500E+1	31.03.2021-14:00:08
138.606	2.735800E+9	-1.088500E+1	31.03.2021-14:00:08
138.807	2.735800E+9	-1.086400E+1	31.03.2021-14:00:08
139.008	2.735800E+9	-1.087500E+1	31.03.2021-14:00:08
139.208	2.735800E+9	-1.086400E+1	31.03.2021-14:00:09
139.409	2.735800E+9	-1.084600E+1	31.03.2021-14:00:09
139.609	2.735800E+9	-1.087200E+1	31.03.2021-14:00:09
139.810	2.735800E+9	-1.087000E+1	31.03.2021-14:00:09
140.011	2.735800E+9	-1.088600E+1	31.03.2021-14:00:09
140.211	2.735800E+9	-1.087000E+1	31.03.2021-14:00:09
140.412	2.735800E+9	-1.088600E+1	31.03.2021-14:00:10
140.612	2.735800E+9	-1.086700E+1	31.03.2021-14:00:10
140.813	2.735800E+9	-1.085600E+1	31.03.2021-14:00:10
141.014	2.735800E+9	-1.087900E+1	31.03.2021-14:00:10
141.214	2.735800E+9	-1.087600E+1	31.03.2021-14:00:10
141.415	2.735800E+9	-1.086700E+1	31.03.2021-14:00:11
141.615	2.735800E+9	-1.084400E+1	31.03.2021-14:00:11
141.816	2.735800E+9	-1.085200E+1	31.03.2021-14:00:11
142.016	2.735800E+9	-1.084800E+1	31.03.2021-14:00:11
142.217	2.735800E+9	-1.087100E+1	31.03.2021-14:00:11
142.418	2.735800E+9	-1.086700E+1	31.03.2021-14:00:11
142.618	2.735800E+9	-1.087700E+1	31.03.2021-14:00:12
142.819	2.735800E+9	-1.087900E+1	31.03.2021-14:00:12
143.019	2.735800E+9	-1.084800E+1	31.03.2021-14:00:12
143.220	2.735800E+9	-1.086900E+1	31.03.2021-14:00:12
143.421	2.735800E+9	-1.087500E+1	31.03.2021-14:00:12
143.621	2.735800E+9	-1.085400E+1	31.03.2021-14:00:13
143.822	2.735800E+9	-1.088000E+1	31.03.2021-14:00:13
144.022	2.735800E+9	-1.086000E+1	31.03.2021-14:00:13
144.223	2.735800E+9	-1.086900E+1	31.03.2021-14:00:13
144.424	2.735800E+9	-1.086100E+1	31.03.2021-14:00:13
144.624	2.735800E+9	-1.086200E+1	31.03.2021-14:00:13
144.825	2.735800E+9	-1.086100E+1	31.03.2021-14:00:14
145.025	2.735800E+9	-1.085700E+1	31.03.2021-14:00:14
145.226	2.735800E+9	-1.085800E+1	31.03.2021-14:00:14
145.426	2.735800E+9	-1.087800E+1	31.03.2021-14:00:14
145.627	2.735800E+9	-1.084300E+1	31.03.2021-14:00:14
145.828	2.735800E+9	-1.085900E+1	31.03.2021-14:00:15
146.028	2.735800E+9	-1.088000E+1	31.03.2021-14:00:15
146.229	2.735800E+9	-1.084700E+1	31.03.2021-14:00:15
146.429	2.735800E+9	-1.087500E+1	31.03.2021-14:00:15
146.630	2.735800E+9	-1.088200E+1	31.03.2021-14:00:15
146.831	2.735800E+9	-1.085800E+1	31.03.2021-14:00:15
147.031	2.735800E+9	-1.086800E+1	31.03.2021-14:00:16
147.232	2.735800E+9	-1.085900E+1	31.03.2021-14:00:16
147.432	2.735800E+9	-1.086300E+1	31.03.2021-14:00:16
147.633	2.735800E+9	-1.087200E+1	31.03.2021-14:00:16
147.834	2.735800E+9	-1.087900E+1	31.03.2021-14:00:16
148.034	2.735800E+9	-1.086900E+1	31.03.2021-14:00:17
148.235	2.735800E+9	-1.087500E+1	31.03.2021-14:00:17
148.435	2.735800E+9	-1.087100E+1	31.03.2021-14:00:17
148.636	2.735800E+9	-1.085800E+1	31.03.2021-14:00:17
148.836	2.735800E+9	-1.087800E+1	31.03.2021-14:00:17
149.037	2.735800E+9	-1.086000E+1	31.03.2021-14:00:18
149.238	2.735800E+9	-1.085400E+1	31.03.2021-14:00:18
149.438	2.735800E+9	-1.088100E+1	31.03.2021-14:00:18
149.639	2.735800E+9	-1.085800E+1	31.03.2021-14:00:18
149.839	2.735800E+9	-1.085900E+1	31.03.2021-14:00:18
150.040	2.735800E+9	-1.088900E+1	31.03.2021-14:00:18
150.241	2.735800E+9	-1.087200E+1	31.03.2021-14:00:19
150.441	2.735800E+9	-1.086200E+1	31.03.2021-14:00:19
150.642	2.735800E+9	-1.086700E+1	31.03.2021-14:00:19
150.842	2.735800E+9	-1.088500E+1	31.03.2021-14:00:19
151.043	2.735800E+9	-1.085500E+1	31.03.2021-14:00:19
151.244	2.735800E+9	-1.085400E+1	31.03.2021-14:00:20
151.444	2.735800E+9	-1.086200E+1	31.03.2021-14:00:20
151.645	2.735800E+9	-1.086300E+1	31.03.2021-14:00:20
151.845	2.735800E+9	-1.087000E+1	31.03.2021-14:00:20
152.046	2.735800E+9	-1.087300E+1	31.03.2021-14:00:20
152.246	2.735800E+9	-1.087500E+1	31.03.2021-14:00:20
152.447	2.735800E+9	-1.085800E+1	31.03.2021-14:00:21
152.648	2.735800E+9	-1.085500E+1	31.03.2021-14:00:21
152.848	2.735800E+9	-1.087600E+1	31.03.2021-14:00:21
153.049	2.735800E+9	-1.086100E+1	31.03.2021-14:00:21
153.249	2.735800E+9	-1.086200E+1	31.03.2021-14:00:21
153.450	2.735800E+9	-1.088600E+1	31.03.2021-14:00:22
153.651	2.735800E+9	-1.085500E+1	31.03.2021-14:00:22
153.851	2.735800E+9	-1.087400E+1	31.03.2021-14:00:22
154.052	2.735800E+9	-1.086500E+1	31.03.2021-14:00:22
154.252	2.735800E+9	-1.087100E+1	31.03.2021-14:00:22
154.453	2.735800E+9	-1.086500E+1	31.03.2021-14:00:23
154.654	2.735800E+9	-1.086200E+1	31.03.2021-14:00:23
154.854	2.735800E+9	-1.086500E+1	31.03.2021-14:00:23
155.055	2.735800E+9	-1.086500E+1	31.03.2021-14:00:23
155.255	2.735800E+9	-1.086700E+1	31.03.2021-14:00:23
155.456	2.735800E+9	-1.086800E+1	31.03.2021-14:00:23
155.656	2.735800E+9	-1.087200E+1	31.03.2021-14:00:24
155.857	2.735800E+9	-1.089200E+1	31.03.2021-14:00:24
156.058	2.735800E+9	-1.085000E+1	31.03.2021-14:00:24
156.258	2.735800E+9	-1.088000E+1	31.03.2021-14:00:24
156.459	2.735800E+9	-1.084800E+1	31.03.2021-14:00:24
156.659	2.735800E+9	-1.085400E+1	31.03.2021-14:00:25
156.860	2.735800E+9	-1.085700E+1	31.03.2021-14:00:25
157.061	2.735800E+9	-1.083800E+1	31.03.2021-14:00:25
157.261	2.735800E+9	-1.086300E+1	31.03.2021-14:00:25
157.462	2.735800E+9	-1.088200E+1	31.03.2021-14:00:25
157.662	2.735800E+9	-1.085900E+1	31.03.2021-14:00:25
157.863	2.735800E+9	-1.085700E+1	31.03.2021-14:00:26
158.064	2.735800E+9	-1.087500E+1	31.03.2021-14:00:26
158.264	2.735800E+9	-1.085500E+1	31.03.2021-14:00:26
158.465	2.735800E+9	-1.088700E+1	31.03.2021-14:00:26
158.665	2.735800E+9	-1.088600E+1	31.03.2021-14:00:26
158.866	2.735800E+9	-1.086900E+1	31.03.2021-14:00:27
159.066	2.735800E+9	-1.087400E+1	31.03.2021-14:00:27
159.267	2.735800E+9	-1.086200E+1	31.03.2021-14:00:27
159.468	2.735800E+9	-1.087000E+1	31.03.2021-14:00:27
159.668	2.735800E+9	-1.088600E+1	31.03.2021-14:00:27
159.869	2.735800E+9	-1.086000E+1	31.03.2021-14:00:28
160.069	2.735800E+9	-1.087400E+1	31.03.2021-14:00:28
160.270	2.735800E+9	-1.086400E+1	31.03.2021-14:00:28
160.471	2.735800E+9	-1.085500E+1	31.03.2021-14:00:28
160.671	2.735800E+9	-1.088500E+1	31.03.2021-14:00:28
160.872	2.735800E+9	-1.087200E+1	31.03.2021-14:00:28
161.072	2.735800E+9	-1.088200E+1	31.03.2021-14:00:29
161.273	2.735800E+9	-1.087600E+1	31.03.2021-14:00:29
161.474	2.735800E+9	-1.085300E+1	31.03.2021-14:00:29
161.674	2.735800E+9	-1.084400E+1	31.03.2021-14:00:29
161.875	2.735800E+9	-1.087300E+1	31.03.2021-14:00:29
162.075	2.735800E+9	-1.085700E+1	31.03.2021-14:00:30
162.276	2.735800E+9	-1.088100E+1	31.03.2021-14:00:30
162.476	2.735800E+9	-1.086600E+1	31.03.2021-14:00:30
162.677	2.735800E+9	-1.090100E+1	31.03.2021-14:00:30
162.878	2.735800E+9	-1.087600E+1	31.03.2021-14:00:30
163.078	2.735800E+9	-1.085100E+1	31.03.2021-14:00:30
163.279	2.735800E+9	-1.087800E+1	31.03.2021-14:00:31
163.479	2.735800E+9	-1.088300E+1	31.03.2021-14:00:31
163.680	2.735800E+9	-1.088600E+1	31.03.2021-14:00:31
163.881	2.735800E+9	-1.087400E+1	31.03.2021-14:00:31
164.081	2.735800E+9	-1.084400E+1	31.03.2021-14:00:31
164.282	2.735800E+9	-1.087300E+1	31.03.2021-14:00:32
164.482	2.735800E+9	-1.085600E+1	31.03.2021-14:00:32
164.683	2.735800E+9	-1.085500E+1	31.03.2021-14:00:32
164.884	2.735800E+9	-1.086600E+1	31.03.2021-14:00:32
165.084	2.735800E+9	-1.085600E+1	31.03.2021-14:00:32
165.285	2.735800E+9	-1.087100E+1	31.03.2021-14:00:32
165.485	2.735800E+9	-1.086800E+1	31.03.2021-14:00:33
165.686	2.735800E+9	-1.088300E+1	31.03.2021-14:00:33
165.886	2.735800E+9	-1.084200E+1	31.03.2021-14:00:33
166.087	2.735800E+9	-1.087300E+1	31.03.2021-14:00:33
166.288	2.735800E+9	-1.086800E+1	31.03.2021-14:00:33
166.488	2.735800E+9	-1.087500E+1	31.03.2021-14:00:34
166.689	2.735800E+9	-1.086700E+1	31.03.2021-14:00:34
166.889	2.735800E+9	-1.087900E+1	31.03.2021-14:00:34
167.090	2.735800E+9	-1.086200E+1	31.03.2021-14:00:34
167.291	2.735800E+9	-1.087900E+1	31.03.2021-14:00:34
167.491	2.735800E+9	-1.088100E+1	31.03.2021-14:00:35
167.692	2.735800E+9	-1.087700E+1	31.03.2021-14:00:35
167.892	2.735800E+9	-1.086300E+1	31.03.2021-14:00:35
168.093	2.735800E+9	-1.084900E+1	31.03.2021-14:00:35
168.294	2.735800E+9	-1.088300E+1	31.03.2021-14:00:35
168.494	2.735800E+9	-1.085700E+1	31.03.2021-14:00:35
168.695	2.735800E+9	-1.085800E+1	31.03.2021-14:00:36
168.895	2.735800E+9	-1.086100E+1	31.03.2021-14:00:36
169.096	2.735800E+9	-1.087100E+1	31.03.2021-14:00:36
169.296	2.735800E+9	-1.086400E+1	31.03.2021-14:00:36
169.497	2.735800E+9	-1.083200E+1	31.03.2021-14:00:36
169.698	2.735800E+9	-1.086400E+1	31.03.2021-14:00:37
169.898	2.735800E+9	-1.087000E+1	31.03.2021-14:00:37
170.099	2.735800E+9	-1.085600E+1	31.03.2021-14:00:37
170.299	2.735800E+9	-1.085900E+1	31.03.2021-14:00:37
170.500	2.735800E+9	-1.088500E+1	31.03.2021-14:00:37
170.701	2.735800E+9	-1.087400E+1	31.03.2021-14:00:37
170.901	2.735800E+9	-1.086100E+1	31.03.2021-14:00:38
171.102	2.735800E+9	-1.086600E+1	31.03.2021-14:00:38
171.302	2.735800E+9	-1.085500E+1	31.03.2021-14:00:38
171.503	2.735800E+9	-1.086800E+1	31.03.2021-14:00:38
171.704	2.735800E+9	-1.087700E+1	31.03.2021-14:00:38
171.904	2.735800E+9	-1.087900E+1	31.03.2021-14:00:39
172.105	2.735800E+9	-1.086300E+1	31.03.2021-14:00:39
172.305	2.735800E+9	-1.084400E+1	31.03.2021-14:00:39
172.506	2.735800E+9	-1.085800E+1	31.03.2021-14:00:39
172.706	2.735800E+9	-1.083400E+1	31.03.2021-14:00:39
172.907	2.735800E+9	-1.086600E+1	31.03.2021-14:00:39
173.108	2.735800E+9	-1.086300E+1	31.03.2021-14:00:40
173.308	2.735800E+9	-1.087000E+1	31.03.2021-14:00:40
173.509	2.735800E+9	-1.085100E+1	31.03.2021-14:00:40
173.709	2.735800E+9	-1.085600E+1	31.03.2021-14:00:40
173.910	2.735800E+9	-1.089200E+1	31.03.2021-14:00:40
174.111	2.735800E+9	-1.086200E+1	31.03.2021-14:00:41
174.311	2.735800E+9	-1.087100E+1	31.03.2021-14:00:41
174.512	2.735800E+9	-1.086100E+1	31.03.2021-14:00:41
174.712	2.735800E+9	-1.087300E+1	31.03.2021-14:00:41
174.913	2.735800E+9	-1.088000E+1	31.03.2021-14:00:41
175.114	2.735800E+9	-1.087900E+1	31.03.2021-14:00:42
175.314	2.735800E+9	-1.086200E+1	31.03.2021-14:00:42
175.515	2.735800E+9	-1.087600E+1	31.03.2021-14:00:42
175.715	2.735800E+9	-1.087700E+1	31.03.2021-14:00:42
175.916	2.735800E+9	-1.091700E+1	31.03.2021-14:00:42
176.116	2.735800E+9	-1.092200E+1	31.03.2021-14:00:42
176.317	2.735800E+9	-1.094000E+1	31.03.2021-14:00:43
176.518	2.735800E+9	-1.090800E+1	31.03.2021-14:00:43
176.718	2.735800E+9	-1.092100E+1	31.03.2021-14:00:43
176.919	2.735800E+9	-1.092400E+1	31.03.2021-14:00:43
177.119	2.735800E+9	-1.092100E+1	31.03.2021-14:00:43
177.320	2.735800E+9	-1.090000E+1	31.03.2021-14:00:44
177.521	2.735800E+9	-1.093600E+1	31.03.2021-14:00:44
177.721	2.735800E+9	-1.093500E+1	31.03.2021-14:00:44
177.922	2.735800E+9	-1.091500E+1	31.03.2021-14:00:44
178.122	2.735800E+9	-1.092100E+1	31.03.2021-14:00:44
178.323	2.735800E+9	-1.091600E+1	31.03.2021-14:00:44
178.524	2.735800E+9	-1.091900E+1	31.03.2021-14:00:45
178.724	2.735800E+9	-1.091700E+1	31.03.2021-14:00:45
178.925	2.735800E+9	-1.091000E+1	31.03.2021-14:00:45
179.125	2.735800E+9	-1.090700E+1	31.03.2021-14:00:45
179.326	2.735800E+9	-1.089600E+1	31.03.2021-14:00:45
179.526	2.735800E+9	-1.090700E+1	31.03.2021-14:00:46
179.727	2.735800E+9	-1.090300E+1	31.03.2021-14:00:46
179.928	2.735800E+9	-1.092500E+1	31.03.2021-14:00:46
180.128	2.735800E+9	-1.093300E+1	31.03.2021-14:00:46
180.329	2.735800E+9	-1.092100E+1	31.03.2021-14:00:46
180.529	2.735800E+9	-1.091000E+1	31.03.2021-14:00:46
180.730	2.735800E+9	-1.092900E+1	31.03.2021-14:00:47
180.931	2.735800E+9	-1.093300E+1	31.03.2021-14:00:47
181.131	2.735800E+9	-1.091800E+1	31.03.2021-14:00:47
181.332	2.735800E+9	-1.092600E+1	31.03.2021-14:00:47
181.532	2.735800E+9	-1.093100E+1	31.03.2021-14:00:47
181.733	2.735800E+9	-1.090500E+1	31.03.2021-14:00:48
181.934	2.735800E+9	-1.089500E+1	31.03.2021-14:00:48
182.134	2.735800E+9	-1.089500E+1	31.03.2021-14:00:48
182.335	2.735800E+9	-1.090500E+1	31.03.2021-14:00:48
182.535	2.735800E+9	-1.089400E+1	31.03.2021-14:00:48
182.736	2.735800E+9	-1.090900E+1	31.03.2021-14:00:48
182.936	2.735800E+9	-1.091800E+1	31.03.2021-14:00:49
183.137	2.735800E+9	-1.089000E+1	31.03.2021-14:00:49
183.338	2.735800E+9	-1.090500E+1	31.03.2021-14:00:49
183.538	2.735800E+9	-1.089300E+1	31.03.2021-14:00:49
183.739	2.735800E+9	-1.091200E+1	31.03.2021-14:00:49
183.939	2.735800E+9	-1.089600E+1	31.03.2021-14:00:50
184.140	2.735800E+9	-1.091000E+1	31.03.2021-14:00:50
184.341	2.735800E+9	-1.091400E+1	31.03.2021-14:00:50
184.541	2.735800E+9	-1.088900E+1	31.03.2021-14:00:50
184.742	2.735800E+9	-1.090800E+1	31.03.2021-14:00:50
184.942	2.735800E+9	-1.086600E+1	31.03.2021-14:00:51
185.143	2.735800E+9	-1.090000E+1	31.03.2021-14:00:51
185.344	2.735800E+9	-1.088300E+1	31.03.2021-14:00:51
185.544	2.735800E+9	-1.089800E+1	31.03.2021-14:00:51
185.745	2.735800E+9	-1.088600E+1	31.03.2021-14:00:51
185.945	2.735800E+9	-1.088900E+1	31.03.2021-14:00:51
186.146	2.735800E+9	-1.089600E+1	31.03.2021-14:00:52
186.346	2.735800E+9	-1.087200E+1	31.03.2021-14:00:52
186.547	2.735800E+9	-1.087700E+1	31.03.2021-14:00:52
186.748	2.735800E+9	-1.089100E+1	31.03.2021-14:00:52
186.948	2.735800E+9	-1.089200E+1	31.03.2021-14:00:52
187.149	2.735800E+9	-1.085900E+1	31.03.2021-14:00:53
187.349	2.735800E+9	-1.090500E+1	31.03.2021-14:00:53
187.550	2.735800E+9	-1.090700E+1	31.03.2021-14:00:53
187.751	2.735800E+9	-1.091300E+1	31.03.2021-14:00:53
187.951	2.735800E+9	-1.090500E+1	31.03.2021-14:00:53
188.152	2.735800E+9	-1.092600E+1	31.03.2021-14:00:53
188.352	2.735800E+9	-1.092700E+1	31.03.2021-14:00:54
188.553	2.735800E+9	-1.091500E+1	31.03.2021-14:00:54
188.754	2.735800E+9	-1.090900E+1	31.03.2021-14:00:54
188.954	2.735800E+9	-1.090400E+1	31.03.2021-14:00:54
189.155	2.735800E+9	-1.088800E+1	31.03.2021-14:00:54
189.355	2.735800E+9	-1.090400E+1	31.03.2021-14:00:55
189.556	2.735800E+9	-1.091400E+1	31.03.2021-14:00:55
189.756	2.735800E+9	-1.090000E+1	31.03.2021-14:00:55
189.957	2.735800E+9	-1.091800E+1	31.03.2021-14:00:55
190.158	2.735800E+9	-1.090200E+1	31.03.2021-14:00:55
190.358	2.735800E+9	-1.092100E+1	31.03.2021-14:00:55
190.559	2.735800E+9	-1.091100E+1	31.03.2021-14:00:56
190.759	2.735800E+9	-1.089200E+1	31.03.2021-14:00:56
190.960	2.735800E+9	-1.088900E+1	31.03.2021-14:00:56
191.161	2.735800E+9	-1.090900E+1	31.03.2021-14:00:56
191.361	2.735800E+9	-1.091300E+1	31.03.2021-14:00:56
191.562	2.735800E+9	-1.090900E+1	31.03.2021-14:00:57
191.762	2.735800E+9	-1.090200E+1	31.03.2021-14:00:57
191.963	2.735800E+9	-1.089700E+1	31.03.2021-14:00:57
192.164	2.735800E+9	-1.089100E+1	31.03.2021-14:00:57
192.364	2.735800E+9	-1.090400E+1	31.03.2021-14:00:57
192.565	2.735800E+9	-1.090200E+1	31.03.2021-14:00:58
192.765	2.735800E+9	-1.089300E+1	31.03.2021-14:00:58
192.966	2.735800E+9	-1.089200E+1	31.03.2021-14:00:58
193.166	2.735800E+9	-1.088100E+1	31.03.2021-14:00:58
193.367	2.735800E+9	-1.088800E+1	31.03.2021-14:00:58
193.568	2.735800E+9	-1.086600E+1	31.03.2021-14:00:58
193.768	2.735800E+9	-1.088500E+1	31.03.2021-14:00:59
193.969	2.735800E+9	-1.088700E+1	31.03.2021-14:00:59
194.169	2.735800E+9	-1.087100E+1	31.03.2021-14:00:59
194.370	2.735800E+9	-1.089400E+1	31.03.2021-14:00:59
194.571	2.735800E+9	-1.089900E+1	31.03.2021-14:00:59
194.771	2.735800E+9	-1.089200E+1	31.03.2021-14:01:00
194.972	2.735800E+9	-1.090600E+1	31.03.2021-14:01:00
195.172	2.735800E+9	-1.089100E+1	31.03.2021-14:01:00
195.373	2.735800E+9	-1.087600E+1	31.03.2021-14:01:00
195.574	2.735800E+9	-1.090300E+1	31.03.2021-14:01:00
195.774	2.735800E+9	-1.090300E+1	31.03.2021-14:01:00
195.975	2.735800E+9	-1.088100E+1	31.03.2021-14:01:01
196.175	2.735800E+9	-1.088800E+1	31.03.2021-14:01:01
196.376	2.735800E+9	-1.088700E+1	31.03.2021-14:01:01
196.576	2.735800E+9	-1.090200E+1	31.03.2021-14:01:01
196.777	2.735800E+9	-1.090100E+1	31.03.2021-14:01:01
196.978	2.735800E+9	-1.088700E+1	31.03.2021-14:01:02
197.178	2.735800E+9	-1.090300E+1	31.03.2021-14:01:02
197.379	2.735800E+9	-1.089400E+1	31.03.2021-14:01:02
197.579	2.735800E+9	-1.090100E+1	31.03.2021-14:01:02
197.780	2.735800E+9	-1.090100E+1	31.03.2021-14:01:02
197.981	2.735800E+9	-1.089400E+1	31.03.2021-14:01:02
198.181	2.735800E+9	-1.089100E+1	31.03.2021-14:01:03
198.382	2.735800E+9	-1.087600E+1	31.03.2021-14:01:03
198.582	2.735800E+9	-1.090300E+1	31.03.2021-14:01:03
198.783	2.735800E+9	-1.089300E+1	31.03.2021-14:01:03
198.984	2.735800E+9	-1.091200E+1	31.03.2021-14:01:03
199.184	2.735800E+9	-1.087600E+1	31.03.2021-14:01:04
199.385	2.735800E+9	-1.088900E+1	31.03.2021-14:01:04
199.585	2.735800E+9	-1.090500E+1	31.03.2021-14:01:04
199.786	2.735800E+9	-1.088200E+1	31.03.2021-14:01:04
199.986	2.735800E+9	-1.089100E+1	31.03.2021-14:01:04
200.187	2.735800E+9	-1.086500E+1	31.03.2021-14:01:04
