#Abstand (mm)	Hz	     dB	      Zeitpunkt
0.000	2.735800E+9	-1.088200E+1	31.03.2021-14:01:39
0.201	2.735800E+9	-1.088500E+1	31.03.2021-14:01:39
0.401	2.735800E+9	-1.085500E+1	31.03.2021-14:01:39
0.602	2.735800E+9	-1.090200E+1	31.03.2021-14:01:40
0.802	2.735800E+9	-1.089700E+1	31.03.2021-14:01:40
1.003	2.735800E+9	-1.089700E+1	31.03.2021-14:01:40
1.204	2.735800E+9	-1.087100E+1	31.03.2021-14:01:40
1.404	2.735800E+9	-1.087200E+1	31.03.2021-14:01:40
1.605	2.735800E+9	-1.088600E+1	31.03.2021-14:01:40
1.805	2.735800E+9	-1.086500E+1	31.03.2021-14:01:41
2.006	2.735800E+9	-1.089200E+1	31.03.2021-14:01:41
2.206	2.735800E+9	-1.086500E+1	31.03.2021-14:01:41
2.407	2.735800E+9	-1.087700E+1	31.03.2021-14:01:41
2.608	2.735800E+9	-1.089300E+1	31.03.2021-14:01:41
2.808	2.735800E+9	-1.088000E+1	31.03.2021-14:01:42
3.009	2.735800E+9	-1.089100E+1	31.03.2021-14:01:42
3.209	2.735800E+9	-1.085100E+1	31.03.2021-14:01:42
3.410	2.735800E+9	-1.087100E+1	31.03.2021-14:01:42
3.611	2.735800E+9	-1.089900E+1	31.03.2021-14:01:42
3.811	2.735800E+9	-1.088400E+1	31.03.2021-14:01:42
4.012	2.735800E+9	-1.089200E+1	31.03.2021-14:01:43
4.212	2.735800E+9	-1.091000E+1	31.03.2021-14:01:43
4.413	2.735800E+9	-1.091200E+1	31.03.2021-14:01:43
4.614	2.735800E+9	-1.090100E+1	31.03.2021-14:01:43
4.814	2.735800E+9	-1.089400E+1	31.03.2021-14:01:43
5.015	2.735800E+9	-1.089000E+1	31.03.2021-14:01:44
5.215	2.735800E+9	-1.086700E+1	31.03.2021-14:01:44
5.416	2.735800E+9	-1.089900E+1	31.03.2021-14:01:44
5.616	2.735800E+9	-1.088400E+1	31.03.2021-14:01:44
5.817	2.735800E+9	-1.087700E+1	31.03.2021-14:01:44
6.018	2.735800E+9	-1.088500E+1	31.03.2021-14:01:44
6.218	2.735800E+9	-1.089400E+1	31.03.2021-14:01:45
6.419	2.735800E+9	-1.090700E+1	31.03.2021-14:01:45
6.619	2.735800E+9	-1.088700E+1	31.03.2021-14:01:45
6.820	2.735800E+9	-1.090200E+1	31.03.2021-14:01:45
7.021	2.735800E+9	-1.088100E+1	31.03.2021-14:01:45
7.221	2.735800E+9	-1.091600E+1	31.03.2021-14:01:46
7.422	2.735800E+9	-1.086200E+1	31.03.2021-14:01:46
7.622	2.735800E+9	-1.089600E+1	31.03.2021-14:01:46
7.823	2.735800E+9	-1.090300E+1	31.03.2021-14:01:46
8.024	2.735800E+9	-1.089100E+1	31.03.2021-14:01:46
8.224	2.735800E+9	-1.090600E+1	31.03.2021-14:01:46
8.425	2.735800E+9	-1.089600E+1	31.03.2021-14:01:47
8.625	2.735800E+9	-1.088200E+1	31.03.2021-14:01:47
8.826	2.735800E+9	-1.088000E+1	31.03.2021-14:01:47
9.026	2.735800E+9	-1.086800E+1	31.03.2021-14:01:47
9.227	2.735800E+9	-1.089200E+1	31.03.2021-14:01:47
9.428	2.735800E+9	-1.088500E+1	31.03.2021-14:01:48
9.628	2.735800E+9	-1.087800E+1	31.03.2021-14:01:48
9.829	2.735800E+9	-1.089700E+1	31.03.2021-14:01:48
10.029	2.735800E+9	-1.089100E+1	31.03.2021-14:01:48
10.230	2.735800E+9	-1.089400E+1	31.03.2021-14:01:48
10.431	2.735800E+9	-1.089600E+1	31.03.2021-14:01:48
10.631	2.735800E+9	-1.087900E+1	31.03.2021-14:01:49
10.832	2.735800E+9	-1.088200E+1	31.03.2021-14:01:49
11.032	2.735800E+9	-1.088500E+1	31.03.2021-14:01:49
11.233	2.735800E+9	-1.091200E+1	31.03.2021-14:01:49
11.434	2.735800E+9	-1.088900E+1	31.03.2021-14:01:49
11.634	2.735800E+9	-1.087300E+1	31.03.2021-14:01:50
11.835	2.735800E+9	-1.089000E+1	31.03.2021-14:01:50
12.035	2.735800E+9	-1.089400E+1	31.03.2021-14:01:50
12.236	2.735800E+9	-1.089700E+1	31.03.2021-14:01:50
12.436	2.735800E+9	-1.089500E+1	31.03.2021-14:01:50
12.637	2.735800E+9	-1.088200E+1	31.03.2021-14:01:51
12.838	2.735800E+9	-1.086900E+1	31.03.2021-14:01:51
13.038	2.735800E+9	-1.088700E+1	31.03.2021-14:01:51
13.239	2.735800E+9	-1.089700E+1	31.03.2021-14:01:51
13.439	2.735800E+9	-1.088400E+1	31.03.2021-14:01:51
13.640	2.735800E+9	-1.089600E+1	31.03.2021-14:01:51
13.841	2.735800E+9	-1.088300E+1	31.03.2021-14:01:52
14.041	2.735800E+9	-1.090900E+1	31.03.2021-14:01:52
14.242	2.735800E+9	-1.087600E+1	31.03.2021-14:01:52
14.442	2.735800E+9	-1.089900E+1	31.03.2021-14:01:52
14.643	2.735800E+9	-1.088600E+1	31.03.2021-14:01:52
14.844	2.735800E+9	-1.086900E+1	31.03.2021-14:01:53
15.044	2.735800E+9	-1.090800E+1	31.03.2021-14:01:53
15.245	2.735800E+9	-1.090300E+1	31.03.2021-14:01:53
15.445	2.735800E+9	-1.088600E+1	31.03.2021-14:01:53
15.646	2.735800E+9	-1.088400E+1	31.03.2021-14:01:53
15.846	2.735800E+9	-1.091000E+1	31.03.2021-14:01:53
16.047	2.735800E+9	-1.088900E+1	31.03.2021-14:01:54
16.248	2.735800E+9	-1.087700E+1	31.03.2021-14:01:54
16.448	2.735800E+9	-1.089100E+1	31.03.2021-14:01:54
16.649	2.735800E+9	-1.089900E+1	31.03.2021-14:01:54
16.849	2.735800E+9	-1.088600E+1	31.03.2021-14:01:54
17.050	2.735800E+9	-1.089800E+1	31.03.2021-14:01:55
17.251	2.735800E+9	-1.087100E+1	31.03.2021-14:01:55
17.451	2.735800E+9	-1.089500E+1	31.03.2021-14:01:55
17.652	2.735800E+9	-1.088400E+1	31.03.2021-14:01:55
17.852	2.735800E+9	-1.089500E+1	31.03.2021-14:01:55
18.053	2.735800E+9	-1.088900E+1	31.03.2021-14:01:55
18.254	2.735800E+9	-1.088600E+1	31.03.2021-14:01:56
18.454	2.735800E+9	-1.088800E+1	31.03.2021-14:01:56
18.655	2.735800E+9	-1.089500E+1	31.03.2021-14:01:56
18.855	2.735800E+9	-1.089900E+1	31.03.2021-14:01:56
19.056	2.735800E+9	-1.090700E+1	31.03.2021-14:01:56
19.256	2.735800E+9	-1.090100E+1	31.03.2021-14:01:57
19.457	2.735800E+9	-1.088100E+1	31.03.2021-14:01:57
19.658	2.735800E+9	-1.089200E+1	31.03.2021-14:01:57
19.858	2.735800E+9	-1.088400E+1	31.03.2021-14:01:57
20.059	2.735800E+9	-1.088900E+1	31.03.2021-14:01:57
20.259	2.735800E+9	-1.087300E+1	31.03.2021-14:01:58
20.460	2.735800E+9	-1.090000E+1	31.03.2021-14:01:58
20.661	2.735800E+9	-1.088800E+1	31.03.2021-14:01:58
20.861	2.735800E+9	-1.089200E+1	31.03.2021-14:01:58
21.062	2.735800E+9	-1.086400E+1	31.03.2021-14:01:58
21.262	2.735800E+9	-1.088500E+1	31.03.2021-14:01:58
21.463	2.735800E+9	-1.087100E+1	31.03.2021-14:01:59
21.664	2.735800E+9	-1.089500E+1	31.03.2021-14:01:59
21.864	2.735800E+9	-1.088400E+1	31.03.2021-14:01:59
22.065	2.735800E+9	-1.086900E+1	31.03.2021-14:01:59
22.265	2.735800E+9	-1.086000E+1	31.03.2021-14:01:59
22.466	2.735800E+9	-1.088200E+1	31.03.2021-14:02:00
22.666	2.735800E+9	-1.089800E+1	31.03.2021-14:02:00
22.867	2.735800E+9	-1.089200E+1	31.03.2021-14:02:00
23.068	2.735800E+9	-1.089000E+1	31.03.2021-14:02:00
23.268	2.735800E+9	-1.089300E+1	31.03.2021-14:02:00
23.469	2.735800E+9	-1.088300E+1	31.03.2021-14:02:00
23.669	2.735800E+9	-1.089000E+1	31.03.2021-14:02:01
23.870	2.735800E+9	-1.089400E+1	31.03.2021-14:02:01
24.071	2.735800E+9	-1.088000E+1	31.03.2021-14:02:01
24.271	2.735800E+9	-1.089500E+1	31.03.2021-14:02:01
24.472	2.735800E+9	-1.086000E+1	31.03.2021-14:02:01
24.672	2.735800E+9	-1.088200E+1	31.03.2021-14:02:02
24.873	2.735800E+9	-1.088900E+1	31.03.2021-14:02:02
25.074	2.735800E+9	-1.087100E+1	31.03.2021-14:02:02
25.274	2.735800E+9	-1.089200E+1	31.03.2021-14:02:02
25.475	2.735800E+9	-1.089700E+1	31.03.2021-14:02:02
25.675	2.735800E+9	-1.089900E+1	31.03.2021-14:02:02
25.876	2.735800E+9	-1.087800E+1	31.03.2021-14:02:03
26.076	2.735800E+9	-1.089400E+1	31.03.2021-14:02:03
26.277	2.735800E+9	-1.088600E+1	31.03.2021-14:02:03
26.478	2.735800E+9	-1.088900E+1	31.03.2021-14:02:03
26.678	2.735800E+9	-1.088700E+1	31.03.2021-14:02:03
26.879	2.735800E+9	-1.086400E+1	31.03.2021-14:02:04
27.079	2.735800E+9	-1.090400E+1	31.03.2021-14:02:04
27.280	2.735800E+9	-1.090600E+1	31.03.2021-14:02:04
27.481	2.735800E+9	-1.089900E+1	31.03.2021-14:02:04
27.681	2.735800E+9	-1.086200E+1	31.03.2021-14:02:04
27.882	2.735800E+9	-1.087700E+1	31.03.2021-14:02:04
28.082	2.735800E+9	-1.090600E+1	31.03.2021-14:02:05
28.283	2.735800E+9	-1.089200E+1	31.03.2021-14:02:05
28.484	2.735800E+9	-1.089100E+1	31.03.2021-14:02:05
28.684	2.735800E+9	-1.088800E+1	31.03.2021-14:02:05
28.885	2.735800E+9	-1.089300E+1	31.03.2021-14:02:05
29.085	2.735800E+9	-1.088300E+1	31.03.2021-14:02:06
29.286	2.735800E+9	-1.088200E+1	31.03.2021-14:02:06
29.486	2.735800E+9	-1.090500E+1	31.03.2021-14:02:06
29.687	2.735800E+9	-1.090600E+1	31.03.2021-14:02:06
29.888	2.735800E+9	-1.090100E+1	31.03.2021-14:02:06
30.088	2.735800E+9	-1.090500E+1	31.03.2021-14:02:07
30.289	2.735800E+9	-1.090300E+1	31.03.2021-14:02:07
30.489	2.735800E+9	-1.088300E+1	31.03.2021-14:02:07
30.690	2.735800E+9	-1.088600E+1	31.03.2021-14:02:07
30.891	2.735800E+9	-1.091400E+1	31.03.2021-14:02:07
31.091	2.735800E+9	-1.088500E+1	31.03.2021-14:02:07
31.292	2.735800E+9	-1.090500E+1	31.03.2021-14:02:08
31.492	2.735800E+9	-1.090000E+1	31.03.2021-14:02:08
31.693	2.735800E+9	-1.089700E+1	31.03.2021-14:02:08
31.894	2.735800E+9	-1.088600E+1	31.03.2021-14:02:08
32.094	2.735800E+9	-1.089500E+1	31.03.2021-14:02:08
32.295	2.735800E+9	-1.088100E+1	31.03.2021-14:02:09
32.495	2.735800E+9	-1.087900E+1	31.03.2021-14:02:09
32.696	2.735800E+9	-1.088000E+1	31.03.2021-14:02:09
32.896	2.735800E+9	-1.088500E+1	31.03.2021-14:02:09
33.097	2.735800E+9	-1.091900E+1	31.03.2021-14:02:09
33.298	2.735800E+9	-1.086900E+1	31.03.2021-14:02:10
33.498	2.735800E+9	-1.090200E+1	31.03.2021-14:02:10
33.699	2.735800E+9	-1.090000E+1	31.03.2021-14:02:10
33.899	2.735800E+9	-1.090300E+1	31.03.2021-14:02:10
34.100	2.735800E+9	-1.088700E+1	31.03.2021-14:02:10
34.301	2.735800E+9	-1.090700E+1	31.03.2021-14:02:10
34.501	2.735800E+9	-1.089200E+1	31.03.2021-14:02:11
34.702	2.735800E+9	-1.091500E+1	31.03.2021-14:02:11
34.902	2.735800E+9	-1.089100E+1	31.03.2021-14:02:11
35.103	2.735800E+9	-1.088700E+1	31.03.2021-14:02:11
35.304	2.735800E+9	-1.090000E+1	31.03.2021-14:02:11
35.504	2.735800E+9	-1.091600E+1	31.03.2021-14:02:12
35.705	2.735800E+9	-1.089100E+1	31.03.2021-14:02:12
35.905	2.735800E+9	-1.091900E+1	31.03.2021-14:02:12
36.106	2.735800E+9	-1.089300E+1	31.03.2021-14:02:12
36.306	2.735800E+9	-1.092800E+1	31.03.2021-14:02:12
36.507	2.735800E+9	-1.087000E+1	31.03.2021-14:02:13
36.708	2.735800E+9	-1.088300E+1	31.03.2021-14:02:13
36.908	2.735800E+9	-1.086300E+1	31.03.2021-14:02:13
37.109	2.735800E+9	-1.087800E+1	31.03.2021-14:02:13
37.309	2.735750E+9	-1.083800E+1	31.03.2021-14:02:13
37.510	2.735750E+9	-1.085100E+1	31.03.2021-14:02:13
37.711	2.735750E+9	-1.088200E+1	31.03.2021-14:02:14
37.911	2.735750E+9	-1.091600E+1	31.03.2021-14:02:14
38.112	2.735750E+9	-1.092200E+1	31.03.2021-14:02:14
38.312	2.735750E+9	-1.091400E+1	31.03.2021-14:02:14
38.513	2.735750E+9	-1.091300E+1	31.03.2021-14:02:14
38.714	2.735750E+9	-1.086000E+1	31.03.2021-14:02:15
38.914	2.735700E+9	-1.091600E+1	31.03.2021-14:02:15
39.115	2.735700E+9	-1.093800E+1	31.03.2021-14:02:15
39.315	2.735700E+9	-1.089700E+1	31.03.2021-14:02:15
39.516	2.735650E+9	-1.090200E+1	31.03.2021-14:02:15
39.716	2.735650E+9	-1.094300E+1	31.03.2021-14:02:15
39.917	2.735650E+9	-1.092200E+1	31.03.2021-14:02:16
40.118	2.735600E+9	-1.091600E+1	31.03.2021-14:02:16
40.318	2.735600E+9	-1.090800E+1	31.03.2021-14:02:16
40.519	2.735600E+9	-1.091300E+1	31.03.2021-14:02:16
40.719	2.735500E+9	-1.097300E+1	31.03.2021-14:02:16
40.920	2.735450E+9	-1.091500E+1	31.03.2021-14:02:17
41.121	2.735400E+9	-1.089100E+1	31.03.2021-14:02:17
41.321	2.735400E+9	-1.095900E+1	31.03.2021-14:02:17
41.522	2.735350E+9	-1.098000E+1	31.03.2021-14:02:17
41.722	2.735300E+9	-1.098800E+1	31.03.2021-14:02:17
41.923	2.735250E+9	-1.094800E+1	31.03.2021-14:02:18
42.124	2.735150E+9	-1.098800E+1	31.03.2021-14:02:18
42.324	2.735100E+9	-1.095700E+1	31.03.2021-14:02:18
42.525	2.735000E+9	-1.101300E+1	31.03.2021-14:02:18
42.725	2.734950E+9	-1.099500E+1	31.03.2021-14:02:18
42.926	2.734900E+9	-1.098900E+1	31.03.2021-14:02:18
43.126	2.734800E+9	-1.099800E+1	31.03.2021-14:02:19
43.327	2.734800E+9	-1.102800E+1	31.03.2021-14:02:19
43.528	2.734650E+9	-1.105400E+1	31.03.2021-14:02:19
43.728	2.734500E+9	-1.100800E+1	31.03.2021-14:02:19
43.929	2.734400E+9	-1.106600E+1	31.03.2021-14:02:19
44.129	2.734300E+9	-1.106700E+1	31.03.2021-14:02:20
44.330	2.734150E+9	-1.104000E+1	31.03.2021-14:02:20
44.531	2.734050E+9	-1.105700E+1	31.03.2021-14:02:20
44.731	2.734000E+9	-1.105200E+1	31.03.2021-14:02:20
44.932	2.733900E+9	-1.110700E+1	31.03.2021-14:02:20
45.132	2.733750E+9	-1.114700E+1	31.03.2021-14:02:20
45.333	2.733650E+9	-1.115400E+1	31.03.2021-14:02:21
45.534	2.733500E+9	-1.119200E+1	31.03.2021-14:02:21
45.734	2.733350E+9	-1.120200E+1	31.03.2021-14:02:21
45.935	2.733250E+9	-1.116400E+1	31.03.2021-14:02:21
46.135	2.733100E+9	-1.119500E+1	31.03.2021-14:02:21
46.336	2.733050E+9	-1.116000E+1	31.03.2021-14:02:22
46.536	2.732950E+9	-1.119500E+1	31.03.2021-14:02:22
46.737	2.732850E+9	-1.120300E+1	31.03.2021-14:02:22
46.938	2.732700E+9	-1.120800E+1	31.03.2021-14:02:22
47.138	2.732600E+9	-1.123300E+1	31.03.2021-14:02:22
47.339	2.732450E+9	-1.124700E+1	31.03.2021-14:02:22
47.539	2.732300E+9	-1.126500E+1	31.03.2021-14:02:23
47.740	2.732200E+9	-1.123900E+1	31.03.2021-14:02:23
47.941	2.732050E+9	-1.124200E+1	31.03.2021-14:02:23
48.141	2.732000E+9	-1.128900E+1	31.03.2021-14:02:23
48.342	2.731900E+9	-1.130900E+1	31.03.2021-14:02:23
48.542	2.731800E+9	-1.131200E+1	31.03.2021-14:02:24
48.743	2.731650E+9	-1.121800E+1	31.03.2021-14:02:24
48.944	2.731550E+9	-1.131000E+1	31.03.2021-14:02:24
49.144	2.731450E+9	-1.132200E+1	31.03.2021-14:02:24
49.345	2.731350E+9	-1.129800E+1	31.03.2021-14:02:24
49.545	2.731300E+9	-1.133600E+1	31.03.2021-14:02:24
49.746	2.731250E+9	-1.132900E+1	31.03.2021-14:02:25
49.946	2.731150E+9	-1.132300E+1	31.03.2021-14:02:25
50.147	2.731100E+9	-1.134400E+1	31.03.2021-14:02:25
50.348	2.731050E+9	-1.130300E+1	31.03.2021-14:02:25
50.548	2.730950E+9	-1.134800E+1	31.03.2021-14:02:25
50.749	2.730850E+9	-1.126900E+1	31.03.2021-14:02:26
50.949	2.730800E+9	-1.137900E+1	31.03.2021-14:02:26
51.150	2.730750E+9	-1.135600E+1	31.03.2021-14:02:26
51.351	2.730700E+9	-1.134000E+1	31.03.2021-14:02:26
51.551	2.730650E+9	-1.135100E+1	31.03.2021-14:02:26
51.752	2.730600E+9	-1.137500E+1	31.03.2021-14:02:27
51.952	2.730550E+9	-1.138800E+1	31.03.2021-14:02:27
52.153	2.730500E+9	-1.138600E+1	31.03.2021-14:02:27
52.354	2.730450E+9	-1.136900E+1	31.03.2021-14:02:27
52.554	2.730400E+9	-1.137100E+1	31.03.2021-14:02:27
52.755	2.730350E+9	-1.135700E+1	31.03.2021-14:02:27
52.955	2.730300E+9	-1.127900E+1	31.03.2021-14:02:28
53.156	2.730300E+9	-1.137100E+1	31.03.2021-14:02:28
53.356	2.730250E+9	-1.130100E+1	31.03.2021-14:02:28
53.557	2.730250E+9	-1.136000E+1	31.03.2021-14:02:28
53.758	2.730200E+9	-1.133100E+1	31.03.2021-14:02:28
53.958	2.730200E+9	-1.126900E+1	31.03.2021-14:02:29
54.159	2.730150E+9	-1.134700E+1	31.03.2021-14:02:29
54.359	2.730100E+9	-1.134400E+1	31.03.2021-14:02:29
54.560	2.730100E+9	-1.137100E+1	31.03.2021-14:02:29
54.761	2.730100E+9	-1.127400E+1	31.03.2021-14:02:29
54.961	2.730050E+9	-1.134500E+1	31.03.2021-14:02:29
55.162	2.730050E+9	-1.130200E+1	31.03.2021-14:02:30
55.362	2.730000E+9	-1.135900E+1	31.03.2021-14:02:30
55.563	2.730000E+9	-1.132100E+1	31.03.2021-14:02:30
55.764	2.730000E+9	-1.116500E+1	31.03.2021-14:02:30
55.964	2.730000E+9	-1.097500E+1	31.03.2021-14:02:30
56.165	2.730000E+9	-1.077000E+1	31.03.2021-14:02:31
56.365	2.730000E+9	-1.061500E+1	31.03.2021-14:02:31
56.566	2.730000E+9	-1.039200E+1	31.03.2021-14:02:31
56.766	2.730000E+9	-1.014300E+1	31.03.2021-14:02:31
56.967	2.730000E+9	-9.867000E+0	31.03.2021-14:02:31
57.168	2.730000E+9	-9.570000E+0	31.03.2021-14:02:31
57.368	2.730000E+9	-9.255000E+0	31.03.2021-14:02:32
57.569	2.730000E+9	-8.753000E+0	31.03.2021-14:02:32
57.769	2.730000E+9	-8.749000E+0	31.03.2021-14:02:32
57.970	2.730000E+9	-8.509000E+0	31.03.2021-14:02:32
58.171	2.730000E+9	-8.415000E+0	31.03.2021-14:02:32
58.371	2.730000E+9	-8.166000E+0	31.03.2021-14:02:33
58.572	2.730000E+9	-8.042000E+0	31.03.2021-14:02:33
58.772	2.730000E+9	-7.765000E+0	31.03.2021-14:02:33
58.973	2.730000E+9	-7.666000E+0	31.03.2021-14:02:33
59.174	2.730000E+9	-7.443000E+0	31.03.2021-14:02:33
59.374	2.730000E+9	-7.363000E+0	31.03.2021-14:02:34
59.575	2.730000E+9	-7.197000E+0	31.03.2021-14:02:34
59.775	2.730000E+9	-7.194000E+0	31.03.2021-14:02:34
59.976	2.730000E+9	-7.056000E+0	31.03.2021-14:02:34
60.176	2.730000E+9	-6.988000E+0	31.03.2021-14:02:34
60.377	2.730000E+9	-6.821000E+0	31.03.2021-14:02:34
60.578	2.730000E+9	-6.782000E+0	31.03.2021-14:02:35
60.778	2.730000E+9	-6.628000E+0	31.03.2021-14:02:35
60.979	2.730000E+9	-6.579000E+0	31.03.2021-14:02:35
61.179	2.730000E+9	-6.446000E+0	31.03.2021-14:02:35
61.380	2.730000E+9	-6.450000E+0	31.03.2021-14:02:35
61.581	2.730000E+9	-6.352000E+0	31.03.2021-14:02:36
61.781	2.730000E+9	-6.286000E+0	31.03.2021-14:02:36
61.982	2.730000E+9	-6.215000E+0	31.03.2021-14:02:36
62.182	2.730000E+9	-6.147000E+0	31.03.2021-14:02:36
62.383	2.730000E+9	-6.091000E+0	31.03.2021-14:02:36
62.584	2.730000E+9	-6.018000E+0	31.03.2021-14:02:36
62.784	2.730000E+9	-5.985000E+0	31.03.2021-14:02:37
62.985	2.730000E+9	-5.936000E+0	31.03.2021-14:02:37
63.185	2.730000E+9	-5.925000E+0	31.03.2021-14:02:37
63.386	2.730000E+9	-5.871000E+0	31.03.2021-14:02:37
63.586	2.730000E+9	-5.834000E+0	31.03.2021-14:02:37
63.787	2.730000E+9	-5.822000E+0	31.03.2021-14:02:38
63.988	2.730000E+9	-5.759000E+0	31.03.2021-14:02:38
64.188	2.730000E+9	-5.734000E+0	31.03.2021-14:02:38
64.389	2.730000E+9	-5.680000E+0	31.03.2021-14:02:38
64.589	2.730000E+9	-5.687000E+0	31.03.2021-14:02:38
64.790	2.730000E+9	-5.634000E+0	31.03.2021-14:02:38
64.991	2.730000E+9	-5.627000E+0	31.03.2021-14:02:39
65.191	2.730000E+9	-5.609000E+0	31.03.2021-14:02:39
65.392	2.730000E+9	-5.573000E+0	31.03.2021-14:02:39
65.592	2.730000E+9	-5.580000E+0	31.03.2021-14:02:39
65.793	2.730000E+9	-5.546000E+0	31.03.2021-14:02:39
65.994	2.730000E+9	-5.542000E+0	31.03.2021-14:02:40
66.194	2.730000E+9	-5.505000E+0	31.03.2021-14:02:40
66.395	2.730000E+9	-5.526000E+0	31.03.2021-14:02:40
66.595	2.730000E+9	-5.505000E+0	31.03.2021-14:02:40
66.796	2.730000E+9	-5.524000E+0	31.03.2021-14:02:40
66.996	2.730000E+9	-5.493000E+0	31.03.2021-14:02:40
67.197	2.730000E+9	-5.505000E+0	31.03.2021-14:02:41
67.398	2.730000E+9	-5.521000E+0	31.03.2021-14:02:41
67.598	2.730000E+9	-5.479000E+0	31.03.2021-14:02:41
67.799	2.730000E+9	-5.541000E+0	31.03.2021-14:02:41
67.999	2.730000E+9	-5.494000E+0	31.03.2021-14:02:41
68.200	2.730000E+9	-5.552000E+0	31.03.2021-14:02:42
68.401	2.730000E+9	-5.529000E+0	31.03.2021-14:02:42
68.601	2.730000E+9	-5.587000E+0	31.03.2021-14:02:42
68.802	2.730000E+9	-5.608000E+0	31.03.2021-14:02:42
69.002	2.730000E+9	-5.668000E+0	31.03.2021-14:02:42
69.203	2.730000E+9	-5.701000E+0	31.03.2021-14:02:42
69.404	2.730000E+9	-5.757000E+0	31.03.2021-14:02:43
69.604	2.730000E+9	-5.755000E+0	31.03.2021-14:02:43
69.805	2.730000E+9	-5.825000E+0	31.03.2021-14:02:43
70.005	2.730000E+9	-5.866000E+0	31.03.2021-14:02:43
70.206	2.730000E+9	-5.990000E+0	31.03.2021-14:02:43
70.406	2.730000E+9	-6.054000E+0	31.03.2021-14:02:44
70.607	2.730000E+9	-6.209000E+0	31.03.2021-14:02:44
70.808	2.730000E+9	-6.294000E+0	31.03.2021-14:02:44
71.008	2.730000E+9	-6.493000E+0	31.03.2021-14:02:44
71.209	2.730000E+9	-6.576000E+0	31.03.2021-14:02:44
71.409	2.730000E+9	-6.666000E+0	31.03.2021-14:02:44
71.610	2.730000E+9	-6.888000E+0	31.03.2021-14:02:45
71.811	2.730000E+9	-7.118000E+0	31.03.2021-14:02:45
72.011	2.730000E+9	-7.327000E+0	31.03.2021-14:02:45
72.212	2.730000E+9	-7.585000E+0	31.03.2021-14:02:45
72.412	2.730000E+9	-8.019000E+0	31.03.2021-14:02:45
72.613	2.730000E+9	-8.163000E+0	31.03.2021-14:02:46
72.814	2.730000E+9	-8.592000E+0	31.03.2021-14:02:46
73.014	2.730000E+9	-8.645000E+0	31.03.2021-14:02:46
73.215	2.730000E+9	-9.096000E+0	31.03.2021-14:02:46
73.415	2.730000E+9	-9.456000E+0	31.03.2021-14:02:46
73.616	2.730000E+9	-9.812000E+0	31.03.2021-14:02:46
73.816	2.730000E+9	-1.034600E+1	31.03.2021-14:02:47
74.017	2.730000E+9	-1.071700E+1	31.03.2021-14:02:47
74.218	2.730000E+9	-1.095700E+1	31.03.2021-14:02:47
74.418	2.730000E+9	-1.104400E+1	31.03.2021-14:02:47
74.619	2.730000E+9	-1.114000E+1	31.03.2021-14:02:47
74.819	2.730000E+9	-1.106600E+1	31.03.2021-14:02:48
75.020	2.730050E+9	-1.104400E+1	31.03.2021-14:02:48
75.221	2.730050E+9	-1.107000E+1	31.03.2021-14:02:48
75.421	2.730050E+9	-1.104300E+1	31.03.2021-14:02:48
75.622	2.730100E+9	-1.108200E+1	31.03.2021-14:02:48
75.822	2.730100E+9	-1.107200E+1	31.03.2021-14:02:48
76.023	2.730100E+9	-1.103600E+1	31.03.2021-14:02:49
76.224	2.730150E+9	-1.106100E+1	31.03.2021-14:02:49
76.424	2.730150E+9	-1.101900E+1	31.03.2021-14:02:49
76.625	2.730150E+9	-1.104300E+1	31.03.2021-14:02:49
76.825	2.730150E+9	-1.105700E+1	31.03.2021-14:02:49
77.026	2.730150E+9	-1.105100E+1	31.03.2021-14:02:50
77.226	2.730150E+9	-1.105100E+1	31.03.2021-14:02:50
77.427	2.730150E+9	-1.104100E+1	31.03.2021-14:02:50
77.628	2.730200E+9	-1.095500E+1	31.03.2021-14:02:50
77.828	2.730150E+9	-1.102700E+1	31.03.2021-14:02:50
78.029	2.730150E+9	-1.103100E+1	31.03.2021-14:02:51
78.229	2.730150E+9	-1.099200E+1	31.03.2021-14:02:51
78.430	2.730100E+9	-1.097800E+1	31.03.2021-14:02:51
78.631	2.730150E+9	-1.095300E+1	31.03.2021-14:02:51
78.831	2.730100E+9	-1.098500E+1	31.03.2021-14:02:51
79.032	2.730100E+9	-1.093900E+1	31.03.2021-14:02:51
79.232	2.730050E+9	-1.097700E+1	31.03.2021-14:02:52
79.433	2.730050E+9	-1.099800E+1	31.03.2021-14:02:52
79.634	2.730050E+9	-1.094000E+1	31.03.2021-14:02:52
79.834	2.730000E+9	-1.097400E+1	31.03.2021-14:02:52
80.035	2.730000E+9	-1.097900E+1	31.03.2021-14:02:52
80.235	2.730000E+9	-1.086200E+1	31.03.2021-14:02:53
80.436	2.730000E+9	-1.057300E+1	31.03.2021-14:02:53
80.636	2.730000E+9	-1.024600E+1	31.03.2021-14:02:53
80.837	2.730000E+9	-9.702000E+0	31.03.2021-14:02:53
81.038	2.730000E+9	-9.429000E+0	31.03.2021-14:02:53
81.238	2.730000E+9	-9.133000E+0	31.03.2021-14:02:53
81.439	2.730000E+9	-8.674000E+0	31.03.2021-14:02:54
81.639	2.730000E+9	-8.515000E+0	31.03.2021-14:02:54
81.840	2.730000E+9	-7.811000E+0	31.03.2021-14:02:54
82.041	2.730000E+9	-7.733000E+0	31.03.2021-14:02:54
82.241	2.730000E+9	-7.159000E+0	31.03.2021-14:02:54
82.442	2.730000E+9	-7.124000E+0	31.03.2021-14:02:55
82.642	2.730000E+9	-6.825000E+0	31.03.2021-14:02:55
82.843	2.730000E+9	-6.610000E+0	31.03.2021-14:02:55
83.044	2.730000E+9	-6.624000E+0	31.03.2021-14:02:55
83.244	2.730000E+9	-6.217000E+0	31.03.2021-14:02:55
83.445	2.730000E+9	-6.286000E+0	31.03.2021-14:02:55
83.645	2.730000E+9	-6.000000E+0	31.03.2021-14:02:56
83.846	2.730000E+9	-5.856000E+0	31.03.2021-14:02:56
84.046	2.730000E+9	-5.731000E+0	31.03.2021-14:02:56
84.247	2.730000E+9	-5.797000E+0	31.03.2021-14:02:56
84.448	2.730000E+9	-5.615000E+0	31.03.2021-14:02:56
84.648	2.730000E+9	-5.652000E+0	31.03.2021-14:02:57
84.849	2.730000E+9	-5.525000E+0	31.03.2021-14:02:57
85.049	2.730000E+9	-5.514000E+0	31.03.2021-14:02:57
85.250	2.730000E+9	-5.462000E+0	31.03.2021-14:02:57
85.451	2.730000E+9	-5.398000E+0	31.03.2021-14:02:57
85.651	2.730000E+9	-5.404000E+0	31.03.2021-14:02:58
85.852	2.730000E+9	-5.326000E+0	31.03.2021-14:02:58
86.052	2.730000E+9	-5.372000E+0	31.03.2021-14:02:58
86.253	2.730000E+9	-5.297000E+0	31.03.2021-14:02:58
86.454	2.730000E+9	-5.308000E+0	31.03.2021-14:02:58
86.654	2.730000E+9	-5.319000E+0	31.03.2021-14:02:58
86.855	2.730000E+9	-5.274000E+0	31.03.2021-14:02:59
87.055	2.730000E+9	-5.318000E+0	31.03.2021-14:02:59
87.256	2.730000E+9	-5.272000E+0	31.03.2021-14:02:59
87.456	2.730000E+9	-5.319000E+0	31.03.2021-14:02:59
87.657	2.730000E+9	-5.287000E+0	31.03.2021-14:02:59
87.858	2.730000E+9	-5.300000E+0	31.03.2021-14:03:00
88.058	2.730000E+9	-5.309000E+0	31.03.2021-14:03:00
88.259	2.730000E+9	-5.325000E+0	31.03.2021-14:03:00
88.459	2.730000E+9	-5.350000E+0	31.03.2021-14:03:00
88.660	2.730000E+9	-5.366000E+0	31.03.2021-14:03:00
88.861	2.730000E+9	-5.381000E+0	31.03.2021-14:03:00
89.061	2.730000E+9	-5.415000E+0	31.03.2021-14:03:01
89.262	2.730000E+9	-5.434000E+0	31.03.2021-14:03:01
89.462	2.730000E+9	-5.426000E+0	31.03.2021-14:03:01
89.663	2.730000E+9	-5.463000E+0	31.03.2021-14:03:01
89.864	2.730000E+9	-5.515000E+0	31.03.2021-14:03:01
90.064	2.730000E+9	-5.514000E+0	31.03.2021-14:03:02
90.265	2.730000E+9	-5.566000E+0	31.03.2021-14:03:02
90.465	2.730000E+9	-5.608000E+0	31.03.2021-14:03:02
90.666	2.730000E+9	-5.669000E+0	31.03.2021-14:03:02
90.866	2.730000E+9	-5.690000E+0	31.03.2021-14:03:02
91.067	2.730000E+9	-5.744000E+0	31.03.2021-14:03:02
91.268	2.730000E+9	-5.792000E+0	31.03.2021-14:03:03
91.468	2.730000E+9	-5.847000E+0	31.03.2021-14:03:03
91.669	2.730000E+9	-5.881000E+0	31.03.2021-14:03:03
91.869	2.730000E+9	-5.942000E+0	31.03.2021-14:03:03
92.070	2.730000E+9	-5.993000E+0	31.03.2021-14:03:03
92.271	2.730000E+9	-6.057000E+0	31.03.2021-14:03:04
92.471	2.730000E+9	-6.140000E+0	31.03.2021-14:03:04
92.672	2.730000E+9	-6.152000E+0	31.03.2021-14:03:04
92.872	2.730000E+9	-6.242000E+0	31.03.2021-14:03:04
93.073	2.730000E+9	-6.266000E+0	31.03.2021-14:03:04
93.274	2.730000E+9	-6.381000E+0	31.03.2021-14:03:05
93.474	2.730000E+9	-6.438000E+0	31.03.2021-14:03:05
93.675	2.730000E+9	-6.550000E+0	31.03.2021-14:03:05
93.875	2.730000E+9	-6.640000E+0	31.03.2021-14:03:05
94.076	2.730000E+9	-6.748000E+0	31.03.2021-14:03:05
94.276	2.730000E+9	-6.877000E+0	31.03.2021-14:03:05
94.477	2.730000E+9	-6.897000E+0	31.03.2021-14:03:06
94.678	2.730000E+9	-7.053000E+0	31.03.2021-14:03:06
94.878	2.730000E+9	-7.168000E+0	31.03.2021-14:03:06
95.079	2.730000E+9	-7.320000E+0	31.03.2021-14:03:06
95.279	2.730000E+9	-7.457000E+0	31.03.2021-14:03:06
95.480	2.730000E+9	-7.641000E+0	31.03.2021-14:03:07
95.681	2.730000E+9	-7.835000E+0	31.03.2021-14:03:07
95.881	2.730000E+9	-7.980000E+0	31.03.2021-14:03:07
96.082	2.730000E+9	-8.163000E+0	31.03.2021-14:03:07
96.282	2.730000E+9	-8.298000E+0	31.03.2021-14:03:07
96.483	2.730000E+9	-8.507000E+0	31.03.2021-14:03:07
96.684	2.730000E+9	-8.728000E+0	31.03.2021-14:03:08
96.884	2.730000E+9	-8.998000E+0	31.03.2021-14:03:08
97.085	2.730000E+9	-9.278000E+0	31.03.2021-14:03:08
97.285	2.730000E+9	-9.608000E+0	31.03.2021-14:03:08
97.486	2.730000E+9	-9.842000E+0	31.03.2021-14:03:08
97.686	2.730000E+9	-1.009900E+1	31.03.2021-14:03:09
97.887	2.730000E+9	-1.028600E+1	31.03.2021-14:03:09
98.088	2.730000E+9	-1.048400E+1	31.03.2021-14:03:09
98.288	2.730000E+9	-1.067400E+1	31.03.2021-14:03:09
98.489	2.730000E+9	-1.077300E+1	31.03.2021-14:03:09
98.689	2.730000E+9	-1.077600E+1	31.03.2021-14:03:09
98.890	2.730050E+9	-1.079200E+1	31.03.2021-14:03:10
99.091	2.730050E+9	-1.080400E+1	31.03.2021-14:03:10
99.291	2.730100E+9	-1.078400E+1	31.03.2021-14:03:10
99.492	2.730100E+9	-1.082900E+1	31.03.2021-14:03:10
99.692	2.730100E+9	-1.074000E+1	31.03.2021-14:03:10
99.893	2.730150E+9	-1.069900E+1	31.03.2021-14:03:11
100.094	2.730200E+9	-1.078200E+1	31.03.2021-14:03:11
100.294	2.730200E+9	-1.078500E+1	31.03.2021-14:03:11
100.495	2.730250E+9	-1.078500E+1	31.03.2021-14:03:11
100.695	2.730300E+9	-1.082900E+1	31.03.2021-14:03:11
100.896	2.730350E+9	-1.082900E+1	31.03.2021-14:03:12
101.096	2.730350E+9	-1.080500E+1	31.03.2021-14:03:12
101.297	2.730400E+9	-1.080900E+1	31.03.2021-14:03:12
101.498	2.730450E+9	-1.084200E+1	31.03.2021-14:03:12
101.698	2.730500E+9	-1.082900E+1	31.03.2021-14:03:12
101.899	2.730600E+9	-1.081400E+1	31.03.2021-14:03:12
102.099	2.730650E+9	-1.078500E+1	31.03.2021-14:03:13
102.300	2.730700E+9	-1.084600E+1	31.03.2021-14:03:13
102.501	2.730750E+9	-1.086900E+1	31.03.2021-14:03:13
102.701	2.730800E+9	-1.084400E+1	31.03.2021-14:03:13
102.902	2.730850E+9	-1.084600E+1	31.03.2021-14:03:13
103.102	2.730900E+9	-1.081400E+1	31.03.2021-14:03:14
103.303	2.731000E+9	-1.085800E+1	31.03.2021-14:03:14
103.504	2.731050E+9	-1.080900E+1	31.03.2021-14:03:14
103.704	2.731150E+9	-1.083400E+1	31.03.2021-14:03:14
103.905	2.731250E+9	-1.083200E+1	31.03.2021-14:03:14
104.105	2.731350E+9	-1.089500E+1	31.03.2021-14:03:14
104.306	2.731450E+9	-1.089700E+1	31.03.2021-14:03:15
104.506	2.731500E+9	-1.090300E+1	31.03.2021-14:03:15
104.707	2.731600E+9	-1.085800E+1	31.03.2021-14:03:15
104.908	2.731750E+9	-1.085800E+1	31.03.2021-14:03:15
105.108	2.731850E+9	-1.093100E+1	31.03.2021-14:03:15
105.309	2.731950E+9	-1.089800E+1	31.03.2021-14:03:16
105.509	2.732100E+9	-1.090600E+1	31.03.2021-14:03:16
105.710	2.732150E+9	-1.084700E+1	31.03.2021-14:03:16
105.911	2.732350E+9	-1.089800E+1	31.03.2021-14:03:16
106.111	2.732450E+9	-1.085400E+1	31.03.2021-14:03:16
106.312	2.732600E+9	-1.091400E+1	31.03.2021-14:03:17
106.512	2.732750E+9	-1.085500E+1	31.03.2021-14:03:17
106.713	2.732850E+9	-1.090600E+1	31.03.2021-14:03:17
106.914	2.733050E+9	-1.088500E+1	31.03.2021-14:03:17
107.114	2.733150E+9	-1.087200E+1	31.03.2021-14:03:17
107.315	2.733300E+9	-1.093000E+1	31.03.2021-14:03:17
107.515	2.733400E+9	-1.089800E+1	31.03.2021-14:03:18
107.716	2.733500E+9	-1.094200E+1	31.03.2021-14:03:18
107.916	2.733650E+9	-1.093400E+1	31.03.2021-14:03:18
108.117	2.733700E+9	-1.094100E+1	31.03.2021-14:03:18
108.318	2.733900E+9	-1.089000E+1	31.03.2021-14:03:18
108.518	2.734000E+9	-1.092400E+1	31.03.2021-14:03:19
108.719	2.734150E+9	-1.090300E+1	31.03.2021-14:03:19
108.919	2.734300E+9	-1.088300E+1	31.03.2021-14:03:19
109.120	2.734350E+9	-1.088300E+1	31.03.2021-14:03:19
109.321	2.734450E+9	-1.094000E+1	31.03.2021-14:03:19
109.521	2.734550E+9	-1.092400E+1	31.03.2021-14:03:19
109.722	2.734650E+9	-1.093000E+1	31.03.2021-14:03:20
109.922	2.734750E+9	-1.092300E+1	31.03.2021-14:03:20
110.123	2.734850E+9	-1.094300E+1	31.03.2021-14:03:20
110.324	2.734950E+9	-1.092200E+1	31.03.2021-14:03:20
110.524	2.735000E+9	-1.085600E+1	31.03.2021-14:03:20
110.725	2.735050E+9	-1.091400E+1	31.03.2021-14:03:21
110.925	2.735150E+9	-1.088300E+1	31.03.2021-14:03:21
111.126	2.735250E+9	-1.092000E+1	31.03.2021-14:03:21
111.326	2.735300E+9	-1.091400E+1	31.03.2021-14:03:21
111.527	2.735350E+9	-1.089200E+1	31.03.2021-14:03:21
111.728	2.735400E+9	-1.090900E+1	31.03.2021-14:03:22
111.928	2.735450E+9	-1.088800E+1	31.03.2021-14:03:22
112.129	2.735500E+9	-1.093100E+1	31.03.2021-14:03:22
112.329	2.735550E+9	-1.086200E+1	31.03.2021-14:03:22
112.530	2.735550E+9	-1.091400E+1	31.03.2021-14:03:22
112.731	2.735600E+9	-1.088300E+1	31.03.2021-14:03:22
112.931	2.735600E+9	-1.092700E+1	31.03.2021-14:03:23
113.132	2.735650E+9	-1.087200E+1	31.03.2021-14:03:23
113.332	2.735650E+9	-1.091600E+1	31.03.2021-14:03:23
113.533	2.735700E+9	-1.085200E+1	31.03.2021-14:03:23
113.734	2.735700E+9	-1.089800E+1	31.03.2021-14:03:23
113.934	2.735700E+9	-1.089900E+1	31.03.2021-14:03:24
114.135	2.735700E+9	-1.091400E+1	31.03.2021-14:03:24
114.335	2.735750E+9	-1.087300E+1	31.03.2021-14:03:24
114.536	2.735750E+9	-1.089500E+1	31.03.2021-14:03:24
114.736	2.735750E+9	-1.092000E+1	31.03.2021-14:03:24
114.937	2.735750E+9	-1.088000E+1	31.03.2021-14:03:25
115.138	2.735750E+9	-1.085700E+1	31.03.2021-14:03:25
115.338	2.735750E+9	-1.084800E+1	31.03.2021-14:03:25
115.539	2.735800E+9	-1.088000E+1	31.03.2021-14:03:25
115.739	2.735800E+9	-1.087500E+1	31.03.2021-14:03:25
115.940	2.735800E+9	-1.086200E+1	31.03.2021-14:03:25
116.141	2.735800E+9	-1.089800E+1	31.03.2021-14:03:26
116.341	2.735800E+9	-1.088000E+1	31.03.2021-14:03:26
116.542	2.735800E+9	-1.089800E+1	31.03.2021-14:03:26
116.742	2.735800E+9	-1.089600E+1	31.03.2021-14:03:26
116.943	2.735800E+9	-1.090500E+1	31.03.2021-14:03:26
117.144	2.735800E+9	-1.089700E+1	31.03.2021-14:03:27
117.344	2.735800E+9	-1.086700E+1	31.03.2021-14:03:27
117.545	2.735800E+9	-1.089900E+1	31.03.2021-14:03:27
117.745	2.735800E+9	-1.090400E+1	31.03.2021-14:03:27
117.946	2.735800E+9	-1.089900E+1	31.03.2021-14:03:27
118.146	2.735800E+9	-1.089700E+1	31.03.2021-14:03:27
118.347	2.735800E+9	-1.089000E+1	31.03.2021-14:03:28
118.548	2.735800E+9	-1.089200E+1	31.03.2021-14:03:28
118.748	2.735800E+9	-1.087300E+1	31.03.2021-14:03:28
118.949	2.735800E+9	-1.090300E+1	31.03.2021-14:03:28
119.149	2.735800E+9	-1.091300E+1	31.03.2021-14:03:28
119.350	2.735800E+9	-1.088600E+1	31.03.2021-14:03:29
119.551	2.735800E+9	-1.088200E+1	31.03.2021-14:03:29
119.751	2.735800E+9	-1.090800E+1	31.03.2021-14:03:29
119.952	2.735800E+9	-1.090000E+1	31.03.2021-14:03:29
120.152	2.735800E+9	-1.088800E+1	31.03.2021-14:03:29
120.353	2.735800E+9	-1.089400E+1	31.03.2021-14:03:30
120.554	2.735800E+9	-1.086800E+1	31.03.2021-14:03:30
120.754	2.735800E+9	-1.090300E+1	31.03.2021-14:03:30
120.955	2.735800E+9	-1.088300E+1	31.03.2021-14:03:30
121.155	2.735800E+9	-1.088100E+1	31.03.2021-14:03:30
121.356	2.735800E+9	-1.089100E+1	31.03.2021-14:03:30
121.556	2.735800E+9	-1.088900E+1	31.03.2021-14:03:31
121.757	2.735800E+9	-1.088700E+1	31.03.2021-14:03:31
121.958	2.735800E+9	-1.087400E+1	31.03.2021-14:03:31
122.158	2.735800E+9	-1.087900E+1	31.03.2021-14:03:31
122.359	2.735800E+9	-1.087500E+1	31.03.2021-14:03:31
122.559	2.735800E+9	-1.088000E+1	31.03.2021-14:03:32
122.760	2.735800E+9	-1.088700E+1	31.03.2021-14:03:32
122.961	2.735800E+9	-1.088800E+1	31.03.2021-14:03:32
123.161	2.735800E+9	-1.086900E+1	31.03.2021-14:03:32
123.362	2.735800E+9	-1.087200E+1	31.03.2021-14:03:32
123.562	2.735800E+9	-1.090300E+1	31.03.2021-14:03:32
123.763	2.735800E+9	-1.086700E+1	31.03.2021-14:03:33
123.964	2.735800E+9	-1.087900E+1	31.03.2021-14:03:33
124.164	2.735800E+9	-1.088500E+1	31.03.2021-14:03:33
124.365	2.735800E+9	-1.088800E+1	31.03.2021-14:03:33
124.565	2.735800E+9	-1.085600E+1	31.03.2021-14:03:33
124.766	2.735800E+9	-1.087900E+1	31.03.2021-14:03:34
124.966	2.735800E+9	-1.087600E+1	31.03.2021-14:03:34
125.167	2.735800E+9	-1.087600E+1	31.03.2021-14:03:34
125.368	2.735800E+9	-1.088900E+1	31.03.2021-14:03:34
125.568	2.735800E+9	-1.088400E+1	31.03.2021-14:03:34
125.769	2.735800E+9	-1.085600E+1	31.03.2021-14:03:34
125.969	2.735800E+9	-1.086700E+1	31.03.2021-14:03:35
126.170	2.735800E+9	-1.087300E+1	31.03.2021-14:03:35
126.371	2.735800E+9	-1.085000E+1	31.03.2021-14:03:35
126.571	2.735800E+9	-1.086000E+1	31.03.2021-14:03:35
126.772	2.735800E+9	-1.087300E+1	31.03.2021-14:03:35
126.972	2.735800E+9	-1.086100E+1	31.03.2021-14:03:36
127.173	2.735800E+9	-1.085600E+1	31.03.2021-14:03:36
127.374	2.735800E+9	-1.088900E+1	31.03.2021-14:03:36
127.574	2.735800E+9	-1.090700E+1	31.03.2021-14:03:36
127.775	2.735800E+9	-1.089700E+1	31.03.2021-14:03:36
127.975	2.735800E+9	-1.087000E+1	31.03.2021-14:03:36
128.176	2.735800E+9	-1.086500E+1	31.03.2021-14:03:37
128.376	2.735800E+9	-1.087800E+1	31.03.2021-14:03:37
128.577	2.735800E+9	-1.086800E+1	31.03.2021-14:03:37
128.778	2.735800E+9	-1.088700E+1	31.03.2021-14:03:37
128.978	2.735800E+9	-1.085800E+1	31.03.2021-14:03:37
129.179	2.735800E+9	-1.087200E+1	31.03.2021-14:03:38
129.379	2.735800E+9	-1.086800E+1	31.03.2021-14:03:38
129.580	2.735800E+9	-1.088100E+1	31.03.2021-14:03:38
129.781	2.735800E+9	-1.088500E+1	31.03.2021-14:03:38
129.981	2.735800E+9	-1.087200E+1	31.03.2021-14:03:38
130.182	2.735800E+9	-1.089100E+1	31.03.2021-14:03:38
130.382	2.735800E+9	-1.084700E+1	31.03.2021-14:03:39
130.583	2.735800E+9	-1.087200E+1	31.03.2021-14:03:39
130.784	2.735800E+9	-1.089600E+1	31.03.2021-14:03:39
130.984	2.735800E+9	-1.086700E+1	31.03.2021-14:03:39
131.185	2.735800E+9	-1.087200E+1	31.03.2021-14:03:39
131.385	2.735800E+9	-1.089500E+1	31.03.2021-14:03:40
131.586	2.735800E+9	-1.085900E+1	31.03.2021-14:03:40
131.786	2.735800E+9	-1.087000E+1	31.03.2021-14:03:40
131.987	2.735800E+9	-1.084800E+1	31.03.2021-14:03:40
132.188	2.735800E+9	-1.086100E+1	31.03.2021-14:03:40
132.388	2.735800E+9	-1.086800E+1	31.03.2021-14:03:41
132.589	2.735800E+9	-1.088000E+1	31.03.2021-14:03:41
132.789	2.735800E+9	-1.088200E+1	31.03.2021-14:03:41
132.990	2.735800E+9	-1.086100E+1	31.03.2021-14:03:41
133.191	2.735800E+9	-1.089500E+1	31.03.2021-14:03:41
133.391	2.735800E+9	-1.087900E+1	31.03.2021-14:03:41
133.592	2.735800E+9	-1.087000E+1	31.03.2021-14:03:42
133.792	2.735800E+9	-1.086700E+1	31.03.2021-14:03:42
133.993	2.735800E+9	-1.088100E+1	31.03.2021-14:03:42
134.194	2.735800E+9	-1.087600E+1	31.03.2021-14:03:42
134.394	2.735800E+9	-1.087800E+1	31.03.2021-14:03:42
134.595	2.735800E+9	-1.086700E+1	31.03.2021-14:03:43
134.795	2.735800E+9	-1.087400E+1	31.03.2021-14:03:43
134.996	2.735800E+9	-1.085100E+1	31.03.2021-14:03:43
135.196	2.735800E+9	-1.088200E+1	31.03.2021-14:03:43
135.397	2.735800E+9	-1.087900E+1	31.03.2021-14:03:43
135.598	2.735800E+9	-1.087700E+1	31.03.2021-14:03:43
135.798	2.735800E+9	-1.087200E+1	31.03.2021-14:03:44
135.999	2.735800E+9	-1.086900E+1	31.03.2021-14:03:44
136.199	2.735800E+9	-1.087300E+1	31.03.2021-14:03:44
136.400	2.735800E+9	-1.087000E+1	31.03.2021-14:03:44
136.601	2.735800E+9	-1.088600E+1	31.03.2021-14:03:44
136.801	2.735800E+9	-1.088500E+1	31.03.2021-14:03:45
137.002	2.735800E+9	-1.086200E+1	31.03.2021-14:03:45
137.202	2.735800E+9	-1.086100E+1	31.03.2021-14:03:45
137.403	2.735800E+9	-1.086300E+1	31.03.2021-14:03:45
137.604	2.735800E+9	-1.085900E+1	31.03.2021-14:03:45
137.804	2.735800E+9	-1.086200E+1	31.03.2021-14:03:45
138.005	2.735800E+9	-1.086700E+1	31.03.2021-14:03:46
138.205	2.735800E+9	-1.087200E+1	31.03.2021-14:03:46
138.406	2.735800E+9	-1.087100E+1	31.03.2021-14:03:46
138.606	2.735800E+9	-1.086300E+1	31.03.2021-14:03:46
138.807	2.735800E+9	-1.085400E+1	31.03.2021-14:03:46
139.008	2.735800E+9	-1.089200E+1	31.03.2021-14:03:47
139.208	2.735800E+9	-1.087800E+1	31.03.2021-14:03:47
139.409	2.735800E+9	-1.086100E+1	31.03.2021-14:03:47
139.609	2.735800E+9	-1.086500E+1	31.03.2021-14:03:47
139.810	2.735800E+9	-1.088500E+1	31.03.2021-14:03:47
140.011	2.735800E+9	-1.087100E+1	31.03.2021-14:03:47
140.211	2.735800E+9	-1.087300E+1	31.03.2021-14:03:48
140.412	2.735800E+9	-1.087900E+1	31.03.2021-14:03:48
140.612	2.735800E+9	-1.087000E+1	31.03.2021-14:03:48
140.813	2.735800E+9	-1.086500E+1	31.03.2021-14:03:48
141.014	2.735800E+9	-1.085600E+1	31.03.2021-14:03:48
141.214	2.735800E+9	-1.086800E+1	31.03.2021-14:03:49
141.415	2.735800E+9	-1.087100E+1	31.03.2021-14:03:49
141.615	2.735800E+9	-1.086200E+1	31.03.2021-14:03:49
141.816	2.735800E+9	-1.087800E+1	31.03.2021-14:03:49
142.016	2.735800E+9	-1.087900E+1	31.03.2021-14:03:49
142.217	2.735800E+9	-1.089100E+1	31.03.2021-14:03:50
142.418	2.735800E+9	-1.090000E+1	31.03.2021-14:03:50
142.618	2.735800E+9	-1.085200E+1	31.03.2021-14:03:50
142.819	2.735800E+9	-1.086400E+1	31.03.2021-14:03:50
143.019	2.735800E+9	-1.085800E+1	31.03.2021-14:03:50
143.220	2.735800E+9	-1.088800E+1	31.03.2021-14:03:50
143.421	2.735800E+9	-1.087700E+1	31.03.2021-14:03:51
143.621	2.735800E+9	-1.086600E+1	31.03.2021-14:03:51
143.822	2.735800E+9	-1.088300E+1	31.03.2021-14:03:51
144.022	2.735800E+9	-1.085900E+1	31.03.2021-14:03:51
144.223	2.735800E+9	-1.088000E+1	31.03.2021-14:03:51
144.424	2.735800E+9	-1.088500E+1	31.03.2021-14:03:52
144.624	2.735800E+9	-1.087000E+1	31.03.2021-14:03:52
144.825	2.735800E+9	-1.086300E+1	31.03.2021-14:03:52
145.025	2.735800E+9	-1.085700E+1	31.03.2021-14:03:52
145.226	2.735800E+9	-1.086700E+1	31.03.2021-14:03:52
145.426	2.735800E+9	-1.087500E+1	31.03.2021-14:03:52
145.627	2.735800E+9	-1.085100E+1	31.03.2021-14:03:53
145.828	2.735800E+9	-1.089800E+1	31.03.2021-14:03:53
146.028	2.735800E+9	-1.087000E+1	31.03.2021-14:03:53
146.229	2.735800E+9	-1.089000E+1	31.03.2021-14:03:53
146.429	2.735800E+9	-1.088400E+1	31.03.2021-14:03:53
146.630	2.735800E+9	-1.086000E+1	31.03.2021-14:03:54
146.831	2.735800E+9	-1.087300E+1	31.03.2021-14:03:54
147.031	2.735800E+9	-1.087500E+1	31.03.2021-14:03:54
147.232	2.735800E+9	-1.085700E+1	31.03.2021-14:03:54
147.432	2.735800E+9	-1.085700E+1	31.03.2021-14:03:54
147.633	2.735800E+9	-1.088000E+1	31.03.2021-14:03:54
147.834	2.735800E+9	-1.088800E+1	31.03.2021-14:03:55
148.034	2.735800E+9	-1.089200E+1	31.03.2021-14:03:55
148.235	2.735800E+9	-1.085500E+1	31.03.2021-14:03:55
148.435	2.735800E+9	-1.087700E+1	31.03.2021-14:03:55
148.636	2.735800E+9	-1.087400E+1	31.03.2021-14:03:55
148.836	2.735800E+9	-1.085900E+1	31.03.2021-14:03:56
149.037	2.735800E+9	-1.087500E+1	31.03.2021-14:03:56
149.238	2.735800E+9	-1.086700E+1	31.03.2021-14:03:56
149.438	2.735800E+9	-1.085200E+1	31.03.2021-14:03:56
149.639	2.735800E+9	-1.089000E+1	31.03.2021-14:03:56
149.839	2.735800E+9	-1.090400E+1	31.03.2021-14:03:56
150.040	2.735800E+9	-1.087500E+1	31.03.2021-14:03:57
150.241	2.735800E+9	-1.087300E+1	31.03.2021-14:03:57
150.441	2.735800E+9	-1.087300E+1	31.03.2021-14:03:57
150.642	2.735800E+9	-1.084700E+1	31.03.2021-14:03:57
150.842	2.735800E+9	-1.087200E+1	31.03.2021-14:03:57
151.043	2.735800E+9	-1.085300E+1	31.03.2021-14:03:58
151.244	2.735800E+9	-1.088800E+1	31.03.2021-14:03:58
151.444	2.735800E+9	-1.087500E+1	31.03.2021-14:03:58
151.645	2.735800E+9	-1.086700E+1	31.03.2021-14:03:58
151.845	2.735800E+9	-1.088700E+1	31.03.2021-14:03:58
152.046	2.735800E+9	-1.086300E+1	31.03.2021-14:03:58
152.246	2.735800E+9	-1.087100E+1	31.03.2021-14:03:59
152.447	2.735800E+9	-1.087500E+1	31.03.2021-14:03:59
152.648	2.735800E+9	-1.088700E+1	31.03.2021-14:03:59
152.848	2.735800E+9	-1.087200E+1	31.03.2021-14:03:59
153.049	2.735800E+9	-1.088500E+1	31.03.2021-14:03:59
153.249	2.735800E+9	-1.086900E+1	31.03.2021-14:04:00
153.450	2.735800E+9	-1.088400E+1	31.03.2021-14:04:00
153.651	2.735800E+9	-1.089500E+1	31.03.2021-14:04:00
153.851	2.735800E+9	-1.088100E+1	31.03.2021-14:04:00
154.052	2.735800E+9	-1.086300E+1	31.03.2021-14:04:00
154.252	2.735800E+9	-1.084600E+1	31.03.2021-14:04:00
154.453	2.735800E+9	-1.088200E+1	31.03.2021-14:04:01
154.654	2.735800E+9	-1.087800E+1	31.03.2021-14:04:01
154.854	2.735800E+9	-1.085700E+1	31.03.2021-14:04:01
155.055	2.735800E+9	-1.087100E+1	31.03.2021-14:04:01
155.255	2.735800E+9	-1.086600E+1	31.03.2021-14:04:01
155.456	2.735800E+9	-1.087000E+1	31.03.2021-14:04:02
155.656	2.735800E+9	-1.084100E+1	31.03.2021-14:04:02
155.857	2.735800E+9	-1.085700E+1	31.03.2021-14:04:02
156.058	2.735800E+9	-1.085000E+1	31.03.2021-14:04:02
156.258	2.735800E+9	-1.086000E+1	31.03.2021-14:04:02
156.459	2.735800E+9	-1.088000E+1	31.03.2021-14:04:03
156.659	2.735800E+9	-1.087800E+1	31.03.2021-14:04:03
156.860	2.735800E+9	-1.086400E+1	31.03.2021-14:04:03
157.061	2.735800E+9	-1.086200E+1	31.03.2021-14:04:03
157.261	2.735800E+9	-1.090400E+1	31.03.2021-14:04:03
157.462	2.735800E+9	-1.088000E+1	31.03.2021-14:04:03
157.662	2.735800E+9	-1.086800E+1	31.03.2021-14:04:04
157.863	2.735800E+9	-1.090100E+1	31.03.2021-14:04:04
158.064	2.735800E+9	-1.090600E+1	31.03.2021-14:04:04
158.264	2.735800E+9	-1.087100E+1	31.03.2021-14:04:04
158.465	2.735800E+9	-1.085900E+1	31.03.2021-14:04:04
158.665	2.735800E+9	-1.087400E+1	31.03.2021-14:04:05
158.866	2.735800E+9	-1.087100E+1	31.03.2021-14:04:05
159.066	2.735800E+9	-1.087600E+1	31.03.2021-14:04:05
159.267	2.735800E+9	-1.087400E+1	31.03.2021-14:04:05
159.468	2.735800E+9	-1.087800E+1	31.03.2021-14:04:05
159.668	2.735800E+9	-1.087500E+1	31.03.2021-14:04:05
159.869	2.735800E+9	-1.089500E+1	31.03.2021-14:04:06
160.069	2.735800E+9	-1.089500E+1	31.03.2021-14:04:06
160.270	2.735800E+9	-1.086400E+1	31.03.2021-14:04:06
160.471	2.735800E+9	-1.086800E+1	31.03.2021-14:04:06
160.671	2.735800E+9	-1.088900E+1	31.03.2021-14:04:06
160.872	2.735800E+9	-1.086900E+1	31.03.2021-14:04:07
161.072	2.735800E+9	-1.087100E+1	31.03.2021-14:04:07
161.273	2.735800E+9	-1.087400E+1	31.03.2021-14:04:07
161.474	2.735800E+9	-1.088600E+1	31.03.2021-14:04:07
161.674	2.735800E+9	-1.085900E+1	31.03.2021-14:04:07
161.875	2.735800E+9	-1.088500E+1	31.03.2021-14:04:07
162.075	2.735800E+9	-1.089200E+1	31.03.2021-14:04:08
162.276	2.735800E+9	-1.087500E+1	31.03.2021-14:04:08
162.476	2.735800E+9	-1.091100E+1	31.03.2021-14:04:08
162.677	2.735800E+9	-1.086700E+1	31.03.2021-14:04:08
162.878	2.735800E+9	-1.089000E+1	31.03.2021-14:04:08
163.078	2.735800E+9	-1.088200E+1	31.03.2021-14:04:09
163.279	2.735800E+9	-1.090400E+1	31.03.2021-14:04:09
163.479	2.735800E+9	-1.090500E+1	31.03.2021-14:04:09
163.680	2.735800E+9	-1.088000E+1	31.03.2021-14:04:09
163.881	2.735800E+9	-1.087800E+1	31.03.2021-14:04:09
164.081	2.735800E+9	-1.088500E+1	31.03.2021-14:04:10
164.282	2.735800E+9	-1.087200E+1	31.03.2021-14:04:10
164.482	2.735800E+9	-1.085800E+1	31.03.2021-14:04:10
164.683	2.735800E+9	-1.089100E+1	31.03.2021-14:04:10
164.884	2.735800E+9	-1.085700E+1	31.03.2021-14:04:10
165.084	2.735800E+9	-1.087600E+1	31.03.2021-14:04:10
165.285	2.735800E+9	-1.086100E+1	31.03.2021-14:04:11
165.485	2.735800E+9	-1.084100E+1	31.03.2021-14:04:11
165.686	2.735800E+9	-1.088000E+1	31.03.2021-14:04:11
165.886	2.735800E+9	-1.088200E+1	31.03.2021-14:04:11
166.087	2.735800E+9	-1.088800E+1	31.03.2021-14:04:11
166.288	2.735800E+9	-1.087000E+1	31.03.2021-14:04:12
166.488	2.735800E+9	-1.088600E+1	31.03.2021-14:04:12
166.689	2.735800E+9	-1.086700E+1	31.03.2021-14:04:12
166.889	2.735800E+9	-1.086100E+1	31.03.2021-14:04:12
167.090	2.735800E+9	-1.087600E+1	31.03.2021-14:04:12
167.291	2.735800E+9	-1.089400E+1	31.03.2021-14:04:12
167.491	2.735800E+9	-1.086200E+1	31.03.2021-14:04:13
167.692	2.735800E+9	-1.086200E+1	31.03.2021-14:04:13
167.892	2.735800E+9	-1.087000E+1	31.03.2021-14:04:13
168.093	2.735800E+9	-1.085900E+1	31.03.2021-14:04:13
168.294	2.735800E+9	-1.087600E+1	31.03.2021-14:04:13
168.494	2.735800E+9	-1.087200E+1	31.03.2021-14:04:14
168.695	2.735800E+9	-1.087300E+1	31.03.2021-14:04:14
168.895	2.735800E+9	-1.087300E+1	31.03.2021-14:04:14
169.096	2.735800E+9	-1.088000E+1	31.03.2021-14:04:14
169.296	2.735800E+9	-1.087600E+1	31.03.2021-14:04:14
169.497	2.735800E+9	-1.087200E+1	31.03.2021-14:04:15
169.698	2.735800E+9	-1.085400E+1	31.03.2021-14:04:15
169.898	2.735800E+9	-1.087600E+1	31.03.2021-14:04:15
170.099	2.735800E+9	-1.087800E+1	31.03.2021-14:04:15
170.299	2.735800E+9	-1.085600E+1	31.03.2021-14:04:15
170.500	2.735800E+9	-1.090700E+1	31.03.2021-14:04:15
170.701	2.735800E+9	-1.086300E+1	31.03.2021-14:04:16
170.901	2.735800E+9	-1.088500E+1	31.03.2021-14:04:16
171.102	2.735800E+9	-1.084900E+1	31.03.2021-14:04:16
171.302	2.735800E+9	-1.087300E+1	31.03.2021-14:04:16
171.503	2.735800E+9	-1.086700E+1	31.03.2021-14:04:16
171.704	2.735800E+9	-1.089300E+1	31.03.2021-14:04:17
171.904	2.735800E+9	-1.089100E+1	31.03.2021-14:04:17
172.105	2.735800E+9	-1.089700E+1	31.03.2021-14:04:17
172.305	2.735800E+9	-1.086400E+1	31.03.2021-14:04:17
172.506	2.735800E+9	-1.088400E+1	31.03.2021-14:04:17
172.706	2.735800E+9	-1.087200E+1	31.03.2021-14:04:17
172.907	2.735800E+9	-1.088800E+1	31.03.2021-14:04:18
173.108	2.735800E+9	-1.089100E+1	31.03.2021-14:04:18
173.308	2.735800E+9	-1.086900E+1	31.03.2021-14:04:18
173.509	2.735800E+9	-1.085700E+1	31.03.2021-14:04:18
173.709	2.735800E+9	-1.089200E+1	31.03.2021-14:04:18
173.910	2.735800E+9	-1.088800E+1	31.03.2021-14:04:19
174.111	2.735800E+9	-1.086800E+1	31.03.2021-14:04:19
174.311	2.735800E+9	-1.088600E+1	31.03.2021-14:04:19
174.512	2.735800E+9	-1.086700E+1	31.03.2021-14:04:19
174.712	2.735800E+9	-1.087000E+1	31.03.2021-14:04:19
174.913	2.735800E+9	-1.087900E+1	31.03.2021-14:04:19
175.114	2.735800E+9	-1.085800E+1	31.03.2021-14:04:20
175.314	2.735800E+9	-1.088600E+1	31.03.2021-14:04:20
175.515	2.735800E+9	-1.087100E+1	31.03.2021-14:04:20
175.715	2.735800E+9	-1.088700E+1	31.03.2021-14:04:20
175.916	2.735800E+9	-1.086600E+1	31.03.2021-14:04:20
176.116	2.735800E+9	-1.088700E+1	31.03.2021-14:04:21
176.317	2.735800E+9	-1.085000E+1	31.03.2021-14:04:21
176.518	2.735800E+9	-1.087400E+1	31.03.2021-14:04:21
176.718	2.735800E+9	-1.088700E+1	31.03.2021-14:04:21
176.919	2.735800E+9	-1.087300E+1	31.03.2021-14:04:21
177.119	2.735800E+9	-1.085300E+1	31.03.2021-14:04:22
177.320	2.735800E+9	-1.086600E+1	31.03.2021-14:04:22
177.521	2.735800E+9	-1.088200E+1	31.03.2021-14:04:22
177.721	2.735800E+9	-1.085500E+1	31.03.2021-14:04:22
177.922	2.735800E+9	-1.086400E+1	31.03.2021-14:04:22
178.122	2.735800E+9	-1.088000E+1	31.03.2021-14:04:22
178.323	2.735800E+9	-1.087600E+1	31.03.2021-14:04:23
178.524	2.735800E+9	-1.087000E+1	31.03.2021-14:04:23
178.724	2.735800E+9	-1.090000E+1	31.03.2021-14:04:23
178.925	2.735800E+9	-1.088600E+1	31.03.2021-14:04:23
179.125	2.735800E+9	-1.087200E+1	31.03.2021-14:04:23
179.326	2.735800E+9	-1.089700E+1	31.03.2021-14:04:24
179.526	2.735800E+9	-1.086500E+1	31.03.2021-14:04:24
179.727	2.735800E+9	-1.089500E+1	31.03.2021-14:04:24
179.928	2.735800E+9	-1.086200E+1	31.03.2021-14:04:24
180.128	2.735800E+9	-1.086000E+1	31.03.2021-14:04:24
180.329	2.735800E+9	-1.088200E+1	31.03.2021-14:04:24
180.529	2.735800E+9	-1.088100E+1	31.03.2021-14:04:25
180.730	2.735800E+9	-1.089300E+1	31.03.2021-14:04:25
180.931	2.735800E+9	-1.087600E+1	31.03.2021-14:04:25
181.131	2.735800E+9	-1.085700E+1	31.03.2021-14:04:25
181.332	2.735800E+9	-1.086800E+1	31.03.2021-14:04:25
181.532	2.735800E+9	-1.086700E+1	31.03.2021-14:04:26
181.733	2.735800E+9	-1.087900E+1	31.03.2021-14:04:26
181.934	2.735800E+9	-1.088400E+1	31.03.2021-14:04:26
182.134	2.735800E+9	-1.087400E+1	31.03.2021-14:04:26
182.335	2.735800E+9	-1.088600E+1	31.03.2021-14:04:26
182.535	2.735800E+9	-1.087100E+1	31.03.2021-14:04:26
182.736	2.735800E+9	-1.086700E+1	31.03.2021-14:04:27
182.936	2.735800E+9	-1.085600E+1	31.03.2021-14:04:27
183.137	2.735800E+9	-1.087000E+1	31.03.2021-14:04:27
183.338	2.735800E+9	-1.085400E+1	31.03.2021-14:04:27
183.538	2.735800E+9	-1.088800E+1	31.03.2021-14:04:27
183.739	2.735800E+9	-1.086900E+1	31.03.2021-14:04:28
183.939	2.735800E+9	-1.087700E+1	31.03.2021-14:04:28
184.140	2.735800E+9	-1.086100E+1	31.03.2021-14:04:28
184.341	2.735800E+9	-1.086300E+1	31.03.2021-14:04:28
184.541	2.735800E+9	-1.088000E+1	31.03.2021-14:04:28
184.742	2.735800E+9	-1.086400E+1	31.03.2021-14:04:28
184.942	2.735800E+9	-1.087700E+1	31.03.2021-14:04:29
185.143	2.735800E+9	-1.085300E+1	31.03.2021-14:04:29
185.344	2.735800E+9	-1.088200E+1	31.03.2021-14:04:29
185.544	2.735800E+9	-1.088800E+1	31.03.2021-14:04:29
185.745	2.735800E+9	-1.089500E+1	31.03.2021-14:04:29
185.945	2.735800E+9	-1.087800E+1	31.03.2021-14:04:30
186.146	2.735800E+9	-1.086500E+1	31.03.2021-14:04:30
186.346	2.735800E+9	-1.086100E+1	31.03.2021-14:04:30
186.547	2.735800E+9	-1.087000E+1	31.03.2021-14:04:30
186.748	2.735800E+9	-1.087800E+1	31.03.2021-14:04:30
186.948	2.735800E+9	-1.087600E+1	31.03.2021-14:04:30
187.149	2.735800E+9	-1.089100E+1	31.03.2021-14:04:31
187.349	2.735800E+9	-1.086500E+1	31.03.2021-14:04:31
187.550	2.735800E+9	-1.087400E+1	31.03.2021-14:04:31
187.751	2.735800E+9	-1.086100E+1	31.03.2021-14:04:31
187.951	2.735800E+9	-1.088000E+1	31.03.2021-14:04:31
188.152	2.735800E+9	-1.086300E+1	31.03.2021-14:04:32
188.352	2.735800E+9	-1.087500E+1	31.03.2021-14:04:32
188.553	2.735800E+9	-1.088200E+1	31.03.2021-14:04:32
188.754	2.735800E+9	-1.086500E+1	31.03.2021-14:04:32
188.954	2.735800E+9	-1.086100E+1	31.03.2021-14:04:32
189.155	2.735800E+9	-1.087300E+1	31.03.2021-14:04:33
189.355	2.735800E+9	-1.088400E+1	31.03.2021-14:04:33
189.556	2.735800E+9	-1.087000E+1	31.03.2021-14:04:33
189.756	2.735800E+9	-1.089300E+1	31.03.2021-14:04:33
189.957	2.735800E+9	-1.086400E+1	31.03.2021-14:04:33
190.158	2.735800E+9	-1.089600E+1	31.03.2021-14:04:33
190.358	2.735800E+9	-1.087700E+1	31.03.2021-14:04:34
190.559	2.735800E+9	-1.086800E+1	31.03.2021-14:04:34
190.759	2.735800E+9	-1.089300E+1	31.03.2021-14:04:34
190.960	2.735800E+9	-1.086400E+1	31.03.2021-14:04:34
191.161	2.735800E+9	-1.088400E+1	31.03.2021-14:04:34
191.361	2.735800E+9	-1.086400E+1	31.03.2021-14:04:35
191.562	2.735800E+9	-1.087900E+1	31.03.2021-14:04:35
191.762	2.735800E+9	-1.088300E+1	31.03.2021-14:04:35
191.963	2.735800E+9	-1.088500E+1	31.03.2021-14:04:35
192.164	2.735800E+9	-1.086900E+1	31.03.2021-14:04:35
192.364	2.735800E+9	-1.087900E+1	31.03.2021-14:04:35
192.565	2.735800E+9	-1.087200E+1	31.03.2021-14:04:36
192.765	2.735800E+9	-1.087000E+1	31.03.2021-14:04:36
192.966	2.735800E+9	-1.087500E+1	31.03.2021-14:04:36
193.166	2.735800E+9	-1.087500E+1	31.03.2021-14:04:36
193.367	2.735800E+9	-1.088400E+1	31.03.2021-14:04:36
193.568	2.735800E+9	-1.088700E+1	31.03.2021-14:04:37
193.768	2.735800E+9	-1.087800E+1	31.03.2021-14:04:37
193.969	2.735800E+9	-1.089500E+1	31.03.2021-14:04:37
194.169	2.735800E+9	-1.088500E+1	31.03.2021-14:04:37
194.370	2.735800E+9	-1.087200E+1	31.03.2021-14:04:37
194.571	2.735800E+9	-1.087700E+1	31.03.2021-14:04:37
194.771	2.735800E+9	-1.089300E+1	31.03.2021-14:04:38
194.972	2.735800E+9	-1.090200E+1	31.03.2021-14:04:38
195.172	2.735800E+9	-1.087500E+1	31.03.2021-14:04:38
195.373	2.735800E+9	-1.085600E+1	31.03.2021-14:04:38
195.574	2.735800E+9	-1.089000E+1	31.03.2021-14:04:38
195.774	2.735800E+9	-1.084400E+1	31.03.2021-14:04:39
195.975	2.735800E+9	-1.085800E+1	31.03.2021-14:04:39
196.175	2.735800E+9	-1.087000E+1	31.03.2021-14:04:39
196.376	2.735800E+9	-1.089400E+1	31.03.2021-14:04:39
196.576	2.735800E+9	-1.088200E+1	31.03.2021-14:04:39
196.777	2.735800E+9	-1.087300E+1	31.03.2021-14:04:39
196.978	2.735800E+9	-1.088800E+1	31.03.2021-14:04:40
197.178	2.735800E+9	-1.086400E+1	31.03.2021-14:04:40
197.379	2.735800E+9	-1.088200E+1	31.03.2021-14:04:40
197.579	2.735800E+9	-1.085800E+1	31.03.2021-14:04:40
197.780	2.735800E+9	-1.086500E+1	31.03.2021-14:04:40
197.981	2.735800E+9	-1.086200E+1	31.03.2021-14:04:41
198.181	2.735800E+9	-1.087700E+1	31.03.2021-14:04:41
198.382	2.735800E+9	-1.086600E+1	31.03.2021-14:04:41
198.582	2.735800E+9	-1.085100E+1	31.03.2021-14:04:41
198.783	2.735800E+9	-1.086400E+1	31.03.2021-14:04:41
198.984	2.735800E+9	-1.088100E+1	31.03.2021-14:04:42
199.184	2.735800E+9	-1.088400E+1	31.03.2021-14:04:42
199.385	2.735800E+9	-1.088500E+1	31.03.2021-14:04:42
199.585	2.735800E+9	-1.086800E+1	31.03.2021-14:04:42
199.786	2.735800E+9	-1.088200E+1	31.03.2021-14:04:42
199.986	2.735800E+9	-1.088900E+1	31.03.2021-14:04:42
200.187	2.735800E+9	-1.087100E+1	31.03.2021-14:04:43
