#Abstand (mm)	Hz	     dB	      Zeitpunkt
0.000	2.735800E+9	-1.086600E+1	31.03.2021-13:50:22
0.201	2.735800E+9	-1.085700E+1	31.03.2021-13:50:22
0.401	2.735800E+9	-1.086900E+1	31.03.2021-13:50:22
0.602	2.735800E+9	-1.085700E+1	31.03.2021-13:50:22
0.802	2.735800E+9	-1.087000E+1	31.03.2021-13:50:22
1.003	2.735800E+9	-1.086200E+1	31.03.2021-13:50:23
1.204	2.735800E+9	-1.088700E+1	31.03.2021-13:50:23
1.404	2.735800E+9	-1.084600E+1	31.03.2021-13:50:23
1.605	2.735800E+9	-1.086500E+1	31.03.2021-13:50:23
1.805	2.735800E+9	-1.084200E+1	31.03.2021-13:50:23
2.006	2.735800E+9	-1.087200E+1	31.03.2021-13:50:24
2.206	2.735800E+9	-1.084400E+1	31.03.2021-13:50:24
2.407	2.735800E+9	-1.085000E+1	31.03.2021-13:50:24
2.608	2.735800E+9	-1.085700E+1	31.03.2021-13:50:24
2.808	2.735800E+9	-1.084800E+1	31.03.2021-13:50:24
3.009	2.735800E+9	-1.085400E+1	31.03.2021-13:50:24
3.209	2.735800E+9	-1.086400E+1	31.03.2021-13:50:25
3.410	2.735800E+9	-1.086600E+1	31.03.2021-13:50:25
3.611	2.735800E+9	-1.083600E+1	31.03.2021-13:50:25
3.811	2.735800E+9	-1.087200E+1	31.03.2021-13:50:25
4.012	2.735800E+9	-1.088700E+1	31.03.2021-13:50:25
4.212	2.735800E+9	-1.088500E+1	31.03.2021-13:50:26
4.413	2.735800E+9	-1.085400E+1	31.03.2021-13:50:26
4.614	2.735800E+9	-1.085200E+1	31.03.2021-13:50:26
4.814	2.735800E+9	-1.086600E+1	31.03.2021-13:50:26
5.015	2.735800E+9	-1.084700E+1	31.03.2021-13:50:26
5.215	2.735800E+9	-1.086000E+1	31.03.2021-13:50:27
5.416	2.735800E+9	-1.087500E+1	31.03.2021-13:50:27
5.616	2.735800E+9	-1.086800E+1	31.03.2021-13:50:27
5.817	2.735800E+9	-1.086600E+1	31.03.2021-13:50:27
6.018	2.735800E+9	-1.087500E+1	31.03.2021-13:50:27
6.218	2.735800E+9	-1.087600E+1	31.03.2021-13:50:27
6.419	2.735800E+9	-1.087300E+1	31.03.2021-13:50:28
6.619	2.735800E+9	-1.087100E+1	31.03.2021-13:50:28
6.820	2.735800E+9	-1.084200E+1	31.03.2021-13:50:28
7.021	2.735800E+9	-1.085800E+1	31.03.2021-13:50:28
7.221	2.735800E+9	-1.085600E+1	31.03.2021-13:50:28
7.422	2.735800E+9	-1.088700E+1	31.03.2021-13:50:29
7.622	2.735800E+9	-1.085600E+1	31.03.2021-13:50:29
7.823	2.735800E+9	-1.085600E+1	31.03.2021-13:50:29
8.024	2.735800E+9	-1.085900E+1	31.03.2021-13:50:29
8.224	2.735800E+9	-1.086300E+1	31.03.2021-13:50:29
8.425	2.735800E+9	-1.086100E+1	31.03.2021-13:50:29
8.625	2.735800E+9	-1.087600E+1	31.03.2021-13:50:30
8.826	2.735800E+9	-1.086900E+1	31.03.2021-13:50:30
9.026	2.735800E+9	-1.087700E+1	31.03.2021-13:50:30
9.227	2.735800E+9	-1.086000E+1	31.03.2021-13:50:30
9.428	2.735800E+9	-1.086600E+1	31.03.2021-13:50:30
9.628	2.735800E+9	-1.085100E+1	31.03.2021-13:50:31
9.829	2.735800E+9	-1.086200E+1	31.03.2021-13:50:31
10.029	2.735800E+9	-1.087200E+1	31.03.2021-13:50:31
10.230	2.735800E+9	-1.087000E+1	31.03.2021-13:50:31
10.431	2.735800E+9	-1.086100E+1	31.03.2021-13:50:31
10.631	2.735800E+9	-1.086900E+1	31.03.2021-13:50:31
10.832	2.735800E+9	-1.085600E+1	31.03.2021-13:50:32
11.032	2.735800E+9	-1.085400E+1	31.03.2021-13:50:32
11.233	2.735800E+9	-1.085500E+1	31.03.2021-13:50:32
11.434	2.735800E+9	-1.086400E+1	31.03.2021-13:50:32
11.634	2.735800E+9	-1.085200E+1	31.03.2021-13:50:32
11.835	2.735800E+9	-1.086000E+1	31.03.2021-13:50:33
12.035	2.735800E+9	-1.087300E+1	31.03.2021-13:50:33
12.236	2.735800E+9	-1.087800E+1	31.03.2021-13:50:33
12.436	2.735800E+9	-1.087100E+1	31.03.2021-13:50:33
12.637	2.735800E+9	-1.085900E+1	31.03.2021-13:50:33
12.838	2.735800E+9	-1.082000E+1	31.03.2021-13:50:33
13.038	2.735800E+9	-1.086700E+1	31.03.2021-13:50:34
13.239	2.735800E+9	-1.085200E+1	31.03.2021-13:50:34
13.439	2.735800E+9	-1.085400E+1	31.03.2021-13:50:34
13.640	2.735800E+9	-1.087600E+1	31.03.2021-13:50:34
13.841	2.735800E+9	-1.086800E+1	31.03.2021-13:50:34
14.041	2.735800E+9	-1.086600E+1	31.03.2021-13:50:35
14.242	2.735800E+9	-1.087100E+1	31.03.2021-13:50:35
14.442	2.735800E+9	-1.087700E+1	31.03.2021-13:50:35
14.643	2.735800E+9	-1.087400E+1	31.03.2021-13:50:35
14.844	2.735800E+9	-1.085300E+1	31.03.2021-13:50:35
15.044	2.735800E+9	-1.087000E+1	31.03.2021-13:50:36
15.245	2.735800E+9	-1.088400E+1	31.03.2021-13:50:36
15.445	2.735800E+9	-1.086600E+1	31.03.2021-13:50:36
15.646	2.735800E+9	-1.087300E+1	31.03.2021-13:50:36
15.846	2.735800E+9	-1.088000E+1	31.03.2021-13:50:36
16.047	2.735800E+9	-1.086000E+1	31.03.2021-13:50:36
16.248	2.735800E+9	-1.085800E+1	31.03.2021-13:50:37
16.448	2.735800E+9	-1.083600E+1	31.03.2021-13:50:37
16.649	2.735800E+9	-1.085100E+1	31.03.2021-13:50:37
16.849	2.735800E+9	-1.084500E+1	31.03.2021-13:50:37
17.050	2.735800E+9	-1.085900E+1	31.03.2021-13:50:37
17.251	2.735800E+9	-1.086100E+1	31.03.2021-13:50:38
17.451	2.735800E+9	-1.087300E+1	31.03.2021-13:50:38
17.652	2.735800E+9	-1.086600E+1	31.03.2021-13:50:38
17.852	2.735800E+9	-1.087300E+1	31.03.2021-13:50:38
18.053	2.735800E+9	-1.084000E+1	31.03.2021-13:50:38
18.254	2.735800E+9	-1.086300E+1	31.03.2021-13:50:38
18.454	2.735800E+9	-1.087100E+1	31.03.2021-13:50:39
18.655	2.735800E+9	-1.085300E+1	31.03.2021-13:50:39
18.855	2.735800E+9	-1.087700E+1	31.03.2021-13:50:39
19.056	2.735800E+9	-1.086800E+1	31.03.2021-13:50:39
19.256	2.735800E+9	-1.086400E+1	31.03.2021-13:50:39
19.457	2.735800E+9	-1.084500E+1	31.03.2021-13:50:40
19.658	2.735800E+9	-1.086400E+1	31.03.2021-13:50:40
19.858	2.735800E+9	-1.083500E+1	31.03.2021-13:50:40
20.059	2.735800E+9	-1.087700E+1	31.03.2021-13:50:40
20.259	2.735800E+9	-1.088900E+1	31.03.2021-13:50:40
20.460	2.735800E+9	-1.086300E+1	31.03.2021-13:50:40
20.661	2.735800E+9	-1.084900E+1	31.03.2021-13:50:41
20.861	2.735800E+9	-1.086300E+1	31.03.2021-13:50:41
21.062	2.735800E+9	-1.088000E+1	31.03.2021-13:50:41
21.262	2.735800E+9	-1.087300E+1	31.03.2021-13:50:41
21.463	2.735800E+9	-1.086900E+1	31.03.2021-13:50:41
21.664	2.735800E+9	-1.086700E+1	31.03.2021-13:50:42
21.864	2.735800E+9	-1.086900E+1	31.03.2021-13:50:42
22.065	2.735800E+9	-1.088900E+1	31.03.2021-13:50:42
22.265	2.735800E+9	-1.088000E+1	31.03.2021-13:50:42
22.466	2.735800E+9	-1.085300E+1	31.03.2021-13:50:42
22.666	2.735800E+9	-1.083700E+1	31.03.2021-13:50:42
22.867	2.735800E+9	-1.086400E+1	31.03.2021-13:50:43
23.068	2.735800E+9	-1.085800E+1	31.03.2021-13:50:43
23.268	2.735800E+9	-1.084000E+1	31.03.2021-13:50:43
23.469	2.735800E+9	-1.087200E+1	31.03.2021-13:50:43
23.669	2.735800E+9	-1.085100E+1	31.03.2021-13:50:43
23.870	2.735800E+9	-1.086500E+1	31.03.2021-13:50:44
24.071	2.735800E+9	-1.086600E+1	31.03.2021-13:50:44
24.271	2.735800E+9	-1.087100E+1	31.03.2021-13:50:44
24.472	2.735800E+9	-1.085900E+1	31.03.2021-13:50:44
24.672	2.735800E+9	-1.086300E+1	31.03.2021-13:50:44
24.873	2.735800E+9	-1.086400E+1	31.03.2021-13:50:44
25.074	2.735800E+9	-1.088600E+1	31.03.2021-13:50:45
25.274	2.735800E+9	-1.087500E+1	31.03.2021-13:50:45
25.475	2.735800E+9	-1.085600E+1	31.03.2021-13:50:45
25.675	2.735800E+9	-1.087200E+1	31.03.2021-13:50:45
25.876	2.735800E+9	-1.086000E+1	31.03.2021-13:50:45
26.076	2.735800E+9	-1.083500E+1	31.03.2021-13:50:46
26.277	2.735800E+9	-1.085500E+1	31.03.2021-13:50:46
26.478	2.735800E+9	-1.086600E+1	31.03.2021-13:50:46
26.678	2.735800E+9	-1.086900E+1	31.03.2021-13:50:46
26.879	2.735800E+9	-1.086300E+1	31.03.2021-13:50:46
27.079	2.735800E+9	-1.087400E+1	31.03.2021-13:50:47
27.280	2.735800E+9	-1.089400E+1	31.03.2021-13:50:47
27.481	2.735800E+9	-1.086700E+1	31.03.2021-13:50:47
27.681	2.735800E+9	-1.084100E+1	31.03.2021-13:50:47
27.882	2.735800E+9	-1.087900E+1	31.03.2021-13:50:47
28.082	2.735800E+9	-1.086200E+1	31.03.2021-13:50:47
28.283	2.735800E+9	-1.086100E+1	31.03.2021-13:50:48
28.484	2.735800E+9	-1.085000E+1	31.03.2021-13:50:48
28.684	2.735800E+9	-1.087400E+1	31.03.2021-13:50:48
28.885	2.735800E+9	-1.086500E+1	31.03.2021-13:50:48
29.085	2.735800E+9	-1.086300E+1	31.03.2021-13:50:48
29.286	2.735800E+9	-1.086300E+1	31.03.2021-13:50:49
29.486	2.735800E+9	-1.085200E+1	31.03.2021-13:50:49
29.687	2.735800E+9	-1.085400E+1	31.03.2021-13:50:49
29.888	2.735800E+9	-1.086300E+1	31.03.2021-13:50:49
30.088	2.735800E+9	-1.084900E+1	31.03.2021-13:50:49
30.289	2.735800E+9	-1.086800E+1	31.03.2021-13:50:49
30.489	2.735800E+9	-1.087100E+1	31.03.2021-13:50:50
30.690	2.735800E+9	-1.087600E+1	31.03.2021-13:50:50
30.891	2.735800E+9	-1.087400E+1	31.03.2021-13:50:50
31.091	2.735800E+9	-1.087500E+1	31.03.2021-13:50:50
31.292	2.735800E+9	-1.088600E+1	31.03.2021-13:50:50
31.492	2.735800E+9	-1.086700E+1	31.03.2021-13:50:51
31.693	2.735800E+9	-1.086400E+1	31.03.2021-13:50:51
31.894	2.735800E+9	-1.085400E+1	31.03.2021-13:50:51
32.094	2.735800E+9	-1.086700E+1	31.03.2021-13:50:51
32.295	2.735800E+9	-1.086800E+1	31.03.2021-13:50:51
32.495	2.735800E+9	-1.085800E+1	31.03.2021-13:50:51
32.696	2.735800E+9	-1.087500E+1	31.03.2021-13:50:52
32.896	2.735800E+9	-1.086100E+1	31.03.2021-13:50:52
33.097	2.735800E+9	-1.086500E+1	31.03.2021-13:50:52
33.298	2.735800E+9	-1.087900E+1	31.03.2021-13:50:52
33.498	2.735800E+9	-1.086400E+1	31.03.2021-13:50:52
33.699	2.735800E+9	-1.086100E+1	31.03.2021-13:50:53
33.899	2.735800E+9	-1.086800E+1	31.03.2021-13:50:53
34.100	2.735800E+9	-1.087300E+1	31.03.2021-13:50:53
34.301	2.735800E+9	-1.085900E+1	31.03.2021-13:50:53
34.501	2.735800E+9	-1.088200E+1	31.03.2021-13:50:53
34.702	2.735800E+9	-1.085200E+1	31.03.2021-13:50:53
34.902	2.735800E+9	-1.088200E+1	31.03.2021-13:50:54
35.103	2.735800E+9	-1.086100E+1	31.03.2021-13:50:54
35.304	2.735800E+9	-1.086700E+1	31.03.2021-13:50:54
35.504	2.735800E+9	-1.084900E+1	31.03.2021-13:50:54
35.705	2.735800E+9	-1.084400E+1	31.03.2021-13:50:54
35.905	2.735800E+9	-1.086000E+1	31.03.2021-13:50:55
36.106	2.735800E+9	-1.087000E+1	31.03.2021-13:50:55
36.306	2.735800E+9	-1.086000E+1	31.03.2021-13:50:55
36.507	2.735800E+9	-1.085700E+1	31.03.2021-13:50:55
36.708	2.735800E+9	-1.083300E+1	31.03.2021-13:50:55
36.908	2.735800E+9	-1.088600E+1	31.03.2021-13:50:56
37.109	2.735800E+9	-1.088200E+1	31.03.2021-13:50:56
37.309	2.735800E+9	-1.087200E+1	31.03.2021-13:50:56
37.510	2.735800E+9	-1.084300E+1	31.03.2021-13:50:56
37.711	2.735800E+9	-1.084600E+1	31.03.2021-13:50:56
37.911	2.735800E+9	-1.084800E+1	31.03.2021-13:50:56
38.112	2.735800E+9	-1.087200E+1	31.03.2021-13:50:57
38.312	2.735800E+9	-1.086200E+1	31.03.2021-13:50:57
38.513	2.735800E+9	-1.085200E+1	31.03.2021-13:50:57
38.714	2.735800E+9	-1.086500E+1	31.03.2021-13:50:57
38.914	2.735800E+9	-1.088000E+1	31.03.2021-13:50:57
39.115	2.735800E+9	-1.087400E+1	31.03.2021-13:50:58
39.315	2.735800E+9	-1.086300E+1	31.03.2021-13:50:58
39.516	2.735800E+9	-1.087300E+1	31.03.2021-13:50:58
39.716	2.735800E+9	-1.085300E+1	31.03.2021-13:50:58
39.917	2.735800E+9	-1.085100E+1	31.03.2021-13:50:58
40.118	2.735800E+9	-1.086300E+1	31.03.2021-13:50:59
40.318	2.735800E+9	-1.087800E+1	31.03.2021-13:50:59
40.519	2.735800E+9	-1.088200E+1	31.03.2021-13:50:59
40.719	2.735800E+9	-1.084800E+1	31.03.2021-13:50:59
40.920	2.735800E+9	-1.086800E+1	31.03.2021-13:50:59
41.121	2.735800E+9	-1.088200E+1	31.03.2021-13:50:59
41.321	2.735800E+9	-1.086200E+1	31.03.2021-13:51:00
41.522	2.735800E+9	-1.085100E+1	31.03.2021-13:51:00
41.722	2.735800E+9	-1.086600E+1	31.03.2021-13:51:00
41.923	2.735800E+9	-1.085000E+1	31.03.2021-13:51:00
42.124	2.735800E+9	-1.087900E+1	31.03.2021-13:51:00
42.324	2.735800E+9	-1.087700E+1	31.03.2021-13:51:01
42.525	2.735800E+9	-1.088800E+1	31.03.2021-13:51:01
42.725	2.735800E+9	-1.086300E+1	31.03.2021-13:51:01
42.926	2.735800E+9	-1.085500E+1	31.03.2021-13:51:01
43.126	2.735800E+9	-1.087400E+1	31.03.2021-13:51:01
43.327	2.735800E+9	-1.086200E+1	31.03.2021-13:51:02
43.528	2.735800E+9	-1.085500E+1	31.03.2021-13:51:02
43.728	2.735800E+9	-1.087600E+1	31.03.2021-13:51:02
43.929	2.735800E+9	-1.085100E+1	31.03.2021-13:51:02
44.129	2.735800E+9	-1.083700E+1	31.03.2021-13:51:02
44.330	2.735800E+9	-1.088200E+1	31.03.2021-13:51:02
44.531	2.735800E+9	-1.088300E+1	31.03.2021-13:51:03
44.731	2.735800E+9	-1.086300E+1	31.03.2021-13:51:03
44.932	2.735800E+9	-1.084700E+1	31.03.2021-13:51:03
45.132	2.735800E+9	-1.083900E+1	31.03.2021-13:51:03
45.333	2.735800E+9	-1.082600E+1	31.03.2021-13:51:03
45.534	2.735800E+9	-1.084400E+1	31.03.2021-13:51:04
45.734	2.735800E+9	-1.087200E+1	31.03.2021-13:51:04
45.935	2.735800E+9	-1.086300E+1	31.03.2021-13:51:04
46.135	2.735800E+9	-1.085700E+1	31.03.2021-13:51:04
46.336	2.735800E+9	-1.087400E+1	31.03.2021-13:51:04
46.536	2.735800E+9	-1.086900E+1	31.03.2021-13:51:04
46.737	2.735800E+9	-1.086400E+1	31.03.2021-13:51:05
46.938	2.735800E+9	-1.086200E+1	31.03.2021-13:51:05
47.138	2.735800E+9	-1.086200E+1	31.03.2021-13:51:05
47.339	2.735800E+9	-1.086800E+1	31.03.2021-13:51:05
47.539	2.735800E+9	-1.087000E+1	31.03.2021-13:51:05
47.740	2.735800E+9	-1.088300E+1	31.03.2021-13:51:06
47.941	2.735800E+9	-1.085500E+1	31.03.2021-13:51:06
48.141	2.735800E+9	-1.084800E+1	31.03.2021-13:51:06
48.342	2.735800E+9	-1.086100E+1	31.03.2021-13:51:06
48.542	2.735800E+9	-1.086700E+1	31.03.2021-13:51:06
48.743	2.735800E+9	-1.087900E+1	31.03.2021-13:51:06
48.944	2.735800E+9	-1.088000E+1	31.03.2021-13:51:07
49.144	2.735800E+9	-1.087200E+1	31.03.2021-13:51:07
49.345	2.735800E+9	-1.087600E+1	31.03.2021-13:51:07
49.545	2.735800E+9	-1.087600E+1	31.03.2021-13:51:07
49.746	2.735800E+9	-1.087800E+1	31.03.2021-13:51:07
49.946	2.735800E+9	-1.086100E+1	31.03.2021-13:51:08
50.147	2.735800E+9	-1.087700E+1	31.03.2021-13:51:08
50.348	2.735800E+9	-1.085700E+1	31.03.2021-13:51:08
50.548	2.735800E+9	-1.086200E+1	31.03.2021-13:51:08
50.749	2.735800E+9	-1.089000E+1	31.03.2021-13:51:08
50.949	2.735800E+9	-1.089400E+1	31.03.2021-13:51:08
51.150	2.735800E+9	-1.086900E+1	31.03.2021-13:51:09
51.351	2.735800E+9	-1.087300E+1	31.03.2021-13:51:09
51.551	2.735800E+9	-1.088100E+1	31.03.2021-13:51:09
51.752	2.735800E+9	-1.085500E+1	31.03.2021-13:51:09
51.952	2.735800E+9	-1.086400E+1	31.03.2021-13:51:09
52.153	2.735800E+9	-1.085500E+1	31.03.2021-13:51:10
52.354	2.735800E+9	-1.084500E+1	31.03.2021-13:51:10
52.554	2.735800E+9	-1.084100E+1	31.03.2021-13:51:10
52.755	2.735800E+9	-1.083900E+1	31.03.2021-13:51:10
52.955	2.735800E+9	-1.081700E+1	31.03.2021-13:51:10
53.156	2.735800E+9	-1.082400E+1	31.03.2021-13:51:10
53.356	2.735750E+9	-1.082300E+1	31.03.2021-13:51:11
53.557	2.735750E+9	-1.083400E+1	31.03.2021-13:51:11
53.758	2.735750E+9	-1.085100E+1	31.03.2021-13:51:11
53.958	2.735750E+9	-1.088200E+1	31.03.2021-13:51:11
54.159	2.735750E+9	-1.090500E+1	31.03.2021-13:51:11
54.359	2.735750E+9	-1.087700E+1	31.03.2021-13:51:12
54.560	2.735750E+9	-1.086000E+1	31.03.2021-13:51:12
54.761	2.735750E+9	-1.087000E+1	31.03.2021-13:51:12
54.961	2.735700E+9	-1.083400E+1	31.03.2021-13:51:12
55.162	2.735700E+9	-1.085200E+1	31.03.2021-13:51:12
55.362	2.735700E+9	-1.090200E+1	31.03.2021-13:51:13
55.563	2.735700E+9	-1.086200E+1	31.03.2021-13:51:13
55.764	2.735650E+9	-1.082400E+1	31.03.2021-13:51:13
55.964	2.735650E+9	-1.087400E+1	31.03.2021-13:51:13
56.165	2.735650E+9	-1.088100E+1	31.03.2021-13:51:13
56.365	2.735650E+9	-1.091000E+1	31.03.2021-13:51:13
56.566	2.735650E+9	-1.083400E+1	31.03.2021-13:51:14
56.766	2.735650E+9	-1.083900E+1	31.03.2021-13:51:14
56.967	2.735600E+9	-1.089800E+1	31.03.2021-13:51:14
57.168	2.735550E+9	-1.082700E+1	31.03.2021-13:51:14
57.368	2.735550E+9	-1.090100E+1	31.03.2021-13:51:14
57.569	2.735550E+9	-1.088500E+1	31.03.2021-13:51:15
57.769	2.735550E+9	-1.087400E+1	31.03.2021-13:51:15
57.970	2.735500E+9	-1.087800E+1	31.03.2021-13:51:15
58.171	2.735500E+9	-1.091500E+1	31.03.2021-13:51:15
58.371	2.735500E+9	-1.087800E+1	31.03.2021-13:51:15
58.572	2.735450E+9	-1.090400E+1	31.03.2021-13:51:15
58.772	2.735450E+9	-1.090700E+1	31.03.2021-13:51:16
58.973	2.735450E+9	-1.089800E+1	31.03.2021-13:51:16
59.174	2.735400E+9	-1.090600E+1	31.03.2021-13:51:16
59.374	2.735400E+9	-1.090900E+1	31.03.2021-13:51:16
59.575	2.735400E+9	-1.090500E+1	31.03.2021-13:51:16
59.775	2.735400E+9	-1.084600E+1	31.03.2021-13:51:17
59.976	2.735350E+9	-1.092700E+1	31.03.2021-13:51:17
60.176	2.735350E+9	-1.090200E+1	31.03.2021-13:51:17
60.377	2.735350E+9	-1.086800E+1	31.03.2021-13:51:17
60.578	2.735300E+9	-1.093200E+1	31.03.2021-13:51:17
60.778	2.735300E+9	-1.091500E+1	31.03.2021-13:51:18
60.979	2.735300E+9	-1.091800E+1	31.03.2021-13:51:18
61.179	2.735300E+9	-1.086800E+1	31.03.2021-13:51:18
61.380	2.735250E+9	-1.092400E+1	31.03.2021-13:51:18
61.581	2.735250E+9	-1.094100E+1	31.03.2021-13:51:18
61.781	2.735250E+9	-1.094300E+1	31.03.2021-13:51:18
61.982	2.735250E+9	-1.089100E+1	31.03.2021-13:51:19
62.182	2.735200E+9	-1.088300E+1	31.03.2021-13:51:19
62.383	2.735200E+9	-1.093500E+1	31.03.2021-13:51:19
62.584	2.735200E+9	-1.092000E+1	31.03.2021-13:51:19
62.784	2.735200E+9	-1.092300E+1	31.03.2021-13:51:19
62.985	2.735200E+9	-1.094200E+1	31.03.2021-13:51:20
63.185	2.735200E+9	-1.089900E+1	31.03.2021-13:51:20
63.386	2.735200E+9	-1.089700E+1	31.03.2021-13:51:20
63.586	2.735150E+9	-1.088700E+1	31.03.2021-13:51:20
63.787	2.735150E+9	-1.094700E+1	31.03.2021-13:51:20
63.988	2.735150E+9	-1.094100E+1	31.03.2021-13:51:20
64.188	2.735150E+9	-1.096500E+1	31.03.2021-13:51:21
64.389	2.735150E+9	-1.095100E+1	31.03.2021-13:51:21
64.589	2.735150E+9	-1.093400E+1	31.03.2021-13:51:21
64.790	2.735150E+9	-1.089900E+1	31.03.2021-13:51:21
64.991	2.735150E+9	-1.089300E+1	31.03.2021-13:51:21
65.191	2.735150E+9	-1.087700E+1	31.03.2021-13:51:22
65.392	2.735100E+9	-1.088000E+1	31.03.2021-13:51:22
65.592	2.735100E+9	-1.090200E+1	31.03.2021-13:51:22
65.793	2.735100E+9	-1.094500E+1	31.03.2021-13:51:22
65.994	2.735100E+9	-1.093700E+1	31.03.2021-13:51:22
66.194	2.735100E+9	-1.094200E+1	31.03.2021-13:51:23
66.395	2.735100E+9	-1.095900E+1	31.03.2021-13:51:23
66.595	2.735100E+9	-1.094400E+1	31.03.2021-13:51:23
66.796	2.735100E+9	-1.093200E+1	31.03.2021-13:51:23
66.996	2.735100E+9	-1.094300E+1	31.03.2021-13:51:23
67.197	2.735100E+9	-1.094900E+1	31.03.2021-13:51:23
67.398	2.735100E+9	-1.091900E+1	31.03.2021-13:51:24
67.598	2.735100E+9	-1.093500E+1	31.03.2021-13:51:24
67.799	2.735100E+9	-1.092800E+1	31.03.2021-13:51:24
67.999	2.735100E+9	-1.089200E+1	31.03.2021-13:51:24
68.200	2.735100E+9	-1.090800E+1	31.03.2021-13:51:24
68.401	2.735100E+9	-1.091000E+1	31.03.2021-13:51:25
68.601	2.735100E+9	-1.090300E+1	31.03.2021-13:51:25
68.802	2.735100E+9	-1.089400E+1	31.03.2021-13:51:25
69.002	2.735050E+9	-1.088800E+1	31.03.2021-13:51:25
69.203	2.735050E+9	-1.089900E+1	31.03.2021-13:51:25
69.404	2.735050E+9	-1.088900E+1	31.03.2021-13:51:25
69.604	2.735050E+9	-1.090400E+1	31.03.2021-13:51:26
69.805	2.735050E+9	-1.091000E+1	31.03.2021-13:51:26
70.005	2.735050E+9	-1.088300E+1	31.03.2021-13:51:26
70.206	2.735050E+9	-1.091200E+1	31.03.2021-13:51:26
70.406	2.735050E+9	-1.091700E+1	31.03.2021-13:51:26
70.607	2.735050E+9	-1.093500E+1	31.03.2021-13:51:27
70.808	2.735050E+9	-1.093100E+1	31.03.2021-13:51:27
71.008	2.735050E+9	-1.093700E+1	31.03.2021-13:51:27
71.209	2.735050E+9	-1.094900E+1	31.03.2021-13:51:27
71.409	2.735050E+9	-1.094300E+1	31.03.2021-13:51:27
71.610	2.735050E+9	-1.092800E+1	31.03.2021-13:51:27
71.811	2.735050E+9	-1.094200E+1	31.03.2021-13:51:28
72.011	2.735050E+9	-1.093400E+1	31.03.2021-13:51:28
72.212	2.735050E+9	-1.095000E+1	31.03.2021-13:51:28
72.412	2.735050E+9	-1.094700E+1	31.03.2021-13:51:28
72.613	2.735050E+9	-1.095800E+1	31.03.2021-13:51:28
72.814	2.735050E+9	-1.094600E+1	31.03.2021-13:51:29
73.014	2.735050E+9	-1.095700E+1	31.03.2021-13:51:29
73.215	2.735050E+9	-1.093700E+1	31.03.2021-13:51:29
73.415	2.735050E+9	-1.094200E+1	31.03.2021-13:51:29
73.616	2.735050E+9	-1.094000E+1	31.03.2021-13:51:29
73.816	2.735050E+9	-1.098200E+1	31.03.2021-13:51:29
74.017	2.735050E+9	-1.092400E+1	31.03.2021-13:51:30
74.218	2.735050E+9	-1.093300E+1	31.03.2021-13:51:30
74.418	2.735050E+9	-1.095500E+1	31.03.2021-13:51:30
74.619	2.735050E+9	-1.095600E+1	31.03.2021-13:51:30
74.819	2.735050E+9	-1.093500E+1	31.03.2021-13:51:30
75.020	2.735050E+9	-1.094900E+1	31.03.2021-13:51:31
75.221	2.735050E+9	-1.091400E+1	31.03.2021-13:51:31
75.421	2.735050E+9	-1.094000E+1	31.03.2021-13:51:31
75.622	2.735050E+9	-1.094200E+1	31.03.2021-13:51:31
75.822	2.735050E+9	-1.094800E+1	31.03.2021-13:51:31
76.023	2.735050E+9	-1.095300E+1	31.03.2021-13:51:31
76.224	2.735050E+9	-1.093400E+1	31.03.2021-13:51:32
76.424	2.735050E+9	-1.097300E+1	31.03.2021-13:51:32
76.625	2.735050E+9	-1.094500E+1	31.03.2021-13:51:32
76.825	2.735050E+9	-1.093300E+1	31.03.2021-13:51:32
77.026	2.735050E+9	-1.094700E+1	31.03.2021-13:51:32
77.226	2.735050E+9	-1.095900E+1	31.03.2021-13:51:33
77.427	2.735050E+9	-1.096400E+1	31.03.2021-13:51:33
77.628	2.735050E+9	-1.093900E+1	31.03.2021-13:51:33
77.828	2.735050E+9	-1.095800E+1	31.03.2021-13:51:33
78.029	2.735050E+9	-1.091600E+1	31.03.2021-13:51:33
78.229	2.735050E+9	-1.093400E+1	31.03.2021-13:51:33
78.430	2.735050E+9	-1.093300E+1	31.03.2021-13:51:34
78.631	2.735050E+9	-1.092100E+1	31.03.2021-13:51:34
78.831	2.735050E+9	-1.093700E+1	31.03.2021-13:51:34
79.032	2.735050E+9	-1.090100E+1	31.03.2021-13:51:34
79.232	2.735050E+9	-1.095200E+1	31.03.2021-13:51:34
79.433	2.735050E+9	-1.095000E+1	31.03.2021-13:51:35
79.634	2.735050E+9	-1.095100E+1	31.03.2021-13:51:35
79.834	2.735050E+9	-1.093100E+1	31.03.2021-13:51:35
80.035	2.735050E+9	-1.092600E+1	31.03.2021-13:51:35
80.235	2.735050E+9	-1.094800E+1	31.03.2021-13:51:35
80.436	2.735050E+9	-1.094600E+1	31.03.2021-13:51:36
80.636	2.735050E+9	-1.092000E+1	31.03.2021-13:51:36
80.837	2.735050E+9	-1.094600E+1	31.03.2021-13:51:36
81.038	2.735050E+9	-1.092700E+1	31.03.2021-13:51:36
81.238	2.735050E+9	-1.093400E+1	31.03.2021-13:51:36
81.439	2.735050E+9	-1.092000E+1	31.03.2021-13:51:36
81.639	2.735050E+9	-1.093000E+1	31.03.2021-13:51:37
81.840	2.735050E+9	-1.090800E+1	31.03.2021-13:51:37
82.041	2.735050E+9	-1.092000E+1	31.03.2021-13:51:37
82.241	2.735050E+9	-1.092100E+1	31.03.2021-13:51:37
82.442	2.735050E+9	-1.093000E+1	31.03.2021-13:51:37
82.642	2.735050E+9	-1.091900E+1	31.03.2021-13:51:38
82.843	2.735050E+9	-1.091000E+1	31.03.2021-13:51:38
83.044	2.735050E+9	-1.090900E+1	31.03.2021-13:51:38
83.244	2.735050E+9	-1.090600E+1	31.03.2021-13:51:38
83.445	2.735050E+9	-1.090500E+1	31.03.2021-13:51:38
83.645	2.735050E+9	-1.089100E+1	31.03.2021-13:51:38
83.846	2.735050E+9	-1.090200E+1	31.03.2021-13:51:39
84.046	2.735050E+9	-1.088300E+1	31.03.2021-13:51:39
84.247	2.735050E+9	-1.084900E+1	31.03.2021-13:51:39
84.448	2.735050E+9	-1.087800E+1	31.03.2021-13:51:39
84.648	2.735050E+9	-1.085700E+1	31.03.2021-13:51:39
84.849	2.735050E+9	-1.085200E+1	31.03.2021-13:51:40
85.049	2.735100E+9	-1.084600E+1	31.03.2021-13:51:40
85.250	2.735100E+9	-1.086000E+1	31.03.2021-13:51:40
85.451	2.735100E+9	-1.085700E+1	31.03.2021-13:51:40
85.651	2.735100E+9	-1.087500E+1	31.03.2021-13:51:40
85.852	2.735100E+9	-1.088200E+1	31.03.2021-13:51:40
86.052	2.735100E+9	-1.088100E+1	31.03.2021-13:51:41
86.253	2.735100E+9	-1.090000E+1	31.03.2021-13:51:41
86.454	2.735100E+9	-1.089800E+1	31.03.2021-13:51:41
86.654	2.735100E+9	-1.089500E+1	31.03.2021-13:51:41
86.855	2.735100E+9	-1.090800E+1	31.03.2021-13:51:41
87.055	2.735100E+9	-1.089500E+1	31.03.2021-13:51:42
87.256	2.735100E+9	-1.091900E+1	31.03.2021-13:51:42
87.456	2.735100E+9	-1.091500E+1	31.03.2021-13:51:42
87.657	2.735100E+9	-1.089900E+1	31.03.2021-13:51:42
87.858	2.735100E+9	-1.092600E+1	31.03.2021-13:51:42
88.058	2.735100E+9	-1.091900E+1	31.03.2021-13:51:42
88.259	2.735100E+9	-1.090500E+1	31.03.2021-13:51:43
88.459	2.735100E+9	-1.089500E+1	31.03.2021-13:51:43
88.660	2.735100E+9	-1.091900E+1	31.03.2021-13:51:43
88.861	2.735100E+9	-1.091300E+1	31.03.2021-13:51:43
89.061	2.735100E+9	-1.089700E+1	31.03.2021-13:51:43
89.262	2.735100E+9	-1.088600E+1	31.03.2021-13:51:44
89.462	2.735100E+9	-1.090100E+1	31.03.2021-13:51:44
89.663	2.735100E+9	-1.092300E+1	31.03.2021-13:51:44
89.864	2.735100E+9	-1.091600E+1	31.03.2021-13:51:44
90.064	2.735100E+9	-1.092200E+1	31.03.2021-13:51:44
90.265	2.735100E+9	-1.089200E+1	31.03.2021-13:51:45
90.465	2.735100E+9	-1.089100E+1	31.03.2021-13:51:45
90.666	2.735100E+9	-1.090200E+1	31.03.2021-13:51:45
90.866	2.735100E+9	-1.091600E+1	31.03.2021-13:51:45
91.067	2.735100E+9	-1.090600E+1	31.03.2021-13:51:45
91.268	2.735100E+9	-1.087500E+1	31.03.2021-13:51:45
91.468	2.735100E+9	-1.089400E+1	31.03.2021-13:51:46
91.669	2.735100E+9	-1.089300E+1	31.03.2021-13:51:46
91.869	2.735100E+9	-1.087300E+1	31.03.2021-13:51:46
92.070	2.735100E+9	-1.085300E+1	31.03.2021-13:51:46
92.271	2.735100E+9	-1.086600E+1	31.03.2021-13:51:46
92.471	2.735100E+9	-1.082900E+1	31.03.2021-13:51:47
92.672	2.735050E+9	-1.083400E+1	31.03.2021-13:51:47
92.872	2.735100E+9	-1.082100E+1	31.03.2021-13:51:47
93.073	2.735050E+9	-1.083200E+1	31.03.2021-13:51:47
93.274	2.735050E+9	-1.084600E+1	31.03.2021-13:51:47
93.474	2.735050E+9	-1.085600E+1	31.03.2021-13:51:47
93.675	2.735050E+9	-1.088400E+1	31.03.2021-13:51:48
93.875	2.735050E+9	-1.086000E+1	31.03.2021-13:51:48
94.076	2.735050E+9	-1.088100E+1	31.03.2021-13:51:48
94.276	2.735050E+9	-1.089200E+1	31.03.2021-13:51:48
94.477	2.735050E+9	-1.087200E+1	31.03.2021-13:51:48
94.678	2.735050E+9	-1.089500E+1	31.03.2021-13:51:49
94.878	2.735050E+9	-1.089900E+1	31.03.2021-13:51:49
95.079	2.735050E+9	-1.088700E+1	31.03.2021-13:51:49
95.279	2.735050E+9	-1.089300E+1	31.03.2021-13:51:49
95.480	2.735050E+9	-1.090200E+1	31.03.2021-13:51:49
95.681	2.735050E+9	-1.089200E+1	31.03.2021-13:51:50
95.881	2.735050E+9	-1.088900E+1	31.03.2021-13:51:50
96.082	2.735050E+9	-1.087400E+1	31.03.2021-13:51:50
96.282	2.735050E+9	-1.088800E+1	31.03.2021-13:51:50
96.483	2.735050E+9	-1.090600E+1	31.03.2021-13:51:50
96.684	2.735050E+9	-1.090200E+1	31.03.2021-13:51:50
96.884	2.735050E+9	-1.089400E+1	31.03.2021-13:51:51
97.085	2.735050E+9	-1.088100E+1	31.03.2021-13:51:51
97.285	2.735050E+9	-1.089600E+1	31.03.2021-13:51:51
97.486	2.735050E+9	-1.087800E+1	31.03.2021-13:51:51
97.686	2.735050E+9	-1.089100E+1	31.03.2021-13:51:51
97.887	2.735050E+9	-1.089800E+1	31.03.2021-13:51:52
98.088	2.735050E+9	-1.087500E+1	31.03.2021-13:51:52
98.288	2.735050E+9	-1.090100E+1	31.03.2021-13:51:52
98.489	2.735050E+9	-1.085200E+1	31.03.2021-13:51:52
98.689	2.735050E+9	-1.090500E+1	31.03.2021-13:51:52
98.890	2.735050E+9	-1.087900E+1	31.03.2021-13:51:52
99.091	2.735050E+9	-1.088400E+1	31.03.2021-13:51:53
99.291	2.735050E+9	-1.087400E+1	31.03.2021-13:51:53
99.492	2.735050E+9	-1.091300E+1	31.03.2021-13:51:53
99.692	2.735050E+9	-1.088000E+1	31.03.2021-13:51:53
99.893	2.735050E+9	-1.088000E+1	31.03.2021-13:51:53
100.094	2.735050E+9	-1.091800E+1	31.03.2021-13:51:54
100.294	2.735050E+9	-1.088200E+1	31.03.2021-13:51:54
100.495	2.735050E+9	-1.089200E+1	31.03.2021-13:51:54
100.695	2.735050E+9	-1.090200E+1	31.03.2021-13:51:54
100.896	2.735050E+9	-1.089100E+1	31.03.2021-13:51:54
101.096	2.735050E+9	-1.088500E+1	31.03.2021-13:51:55
101.297	2.735050E+9	-1.088100E+1	31.03.2021-13:51:55
101.498	2.735050E+9	-1.087000E+1	31.03.2021-13:51:55
101.698	2.735050E+9	-1.089500E+1	31.03.2021-13:51:55
101.899	2.735050E+9	-1.088200E+1	31.03.2021-13:51:55
102.099	2.735050E+9	-1.087600E+1	31.03.2021-13:51:55
102.300	2.735050E+9	-1.087200E+1	31.03.2021-13:51:56
102.501	2.735050E+9	-1.088000E+1	31.03.2021-13:51:56
102.701	2.735050E+9	-1.088500E+1	31.03.2021-13:51:56
102.902	2.735050E+9	-1.088700E+1	31.03.2021-13:51:56
103.102	2.735050E+9	-1.089200E+1	31.03.2021-13:51:56
103.303	2.735050E+9	-1.086600E+1	31.03.2021-13:51:57
103.504	2.735050E+9	-1.088700E+1	31.03.2021-13:51:57
103.704	2.735050E+9	-1.087000E+1	31.03.2021-13:51:57
103.905	2.735050E+9	-1.088300E+1	31.03.2021-13:51:57
104.105	2.735050E+9	-1.090700E+1	31.03.2021-13:51:57
104.306	2.735050E+9	-1.088600E+1	31.03.2021-13:51:57
104.506	2.735050E+9	-1.088000E+1	31.03.2021-13:51:58
104.707	2.735050E+9	-1.087000E+1	31.03.2021-13:51:58
104.908	2.735050E+9	-1.090600E+1	31.03.2021-13:51:58
105.108	2.735050E+9	-1.092400E+1	31.03.2021-13:51:58
105.309	2.735050E+9	-1.088900E+1	31.03.2021-13:51:58
105.509	2.735050E+9	-1.088100E+1	31.03.2021-13:51:59
105.710	2.735050E+9	-1.089300E+1	31.03.2021-13:51:59
105.911	2.735050E+9	-1.088600E+1	31.03.2021-13:51:59
106.111	2.735050E+9	-1.090000E+1	31.03.2021-13:51:59
106.312	2.735050E+9	-1.089600E+1	31.03.2021-13:51:59
106.512	2.735050E+9	-1.088900E+1	31.03.2021-13:52:00
106.713	2.735050E+9	-1.085800E+1	31.03.2021-13:52:00
106.914	2.735050E+9	-1.084800E+1	31.03.2021-13:52:00
107.114	2.735050E+9	-1.084900E+1	31.03.2021-13:52:00
107.315	2.735050E+9	-1.085500E+1	31.03.2021-13:52:00
107.515	2.735050E+9	-1.084500E+1	31.03.2021-13:52:00
107.716	2.735050E+9	-1.086600E+1	31.03.2021-13:52:01
107.916	2.735050E+9	-1.085300E+1	31.03.2021-13:52:01
108.117	2.735050E+9	-1.084800E+1	31.03.2021-13:52:01
108.318	2.735050E+9	-1.084100E+1	31.03.2021-13:52:01
108.518	2.735050E+9	-1.082700E+1	31.03.2021-13:52:01
108.719	2.735050E+9	-1.082600E+1	31.03.2021-13:52:02
108.919	2.735050E+9	-1.080800E+1	31.03.2021-13:52:02
109.120	2.735100E+9	-1.080900E+1	31.03.2021-13:52:02
109.321	2.735100E+9	-1.080700E+1	31.03.2021-13:52:02
109.521	2.735100E+9	-1.082300E+1	31.03.2021-13:52:02
109.722	2.735100E+9	-1.083800E+1	31.03.2021-13:52:02
109.922	2.735100E+9	-1.084900E+1	31.03.2021-13:52:03
110.123	2.735100E+9	-1.083800E+1	31.03.2021-13:52:03
110.324	2.735100E+9	-1.086500E+1	31.03.2021-13:52:03
110.524	2.735100E+9	-1.084600E+1	31.03.2021-13:52:03
110.725	2.735100E+9	-1.086400E+1	31.03.2021-13:52:03
110.925	2.735100E+9	-1.087000E+1	31.03.2021-13:52:04
111.126	2.735100E+9	-1.086500E+1	31.03.2021-13:52:04
111.326	2.735100E+9	-1.086600E+1	31.03.2021-13:52:04
111.527	2.735100E+9	-1.087900E+1	31.03.2021-13:52:04
111.728	2.735100E+9	-1.085800E+1	31.03.2021-13:52:04
111.928	2.735100E+9	-1.087800E+1	31.03.2021-13:52:05
112.129	2.735100E+9	-1.086100E+1	31.03.2021-13:52:05
112.329	2.735100E+9	-1.088000E+1	31.03.2021-13:52:05
112.530	2.735100E+9	-1.085500E+1	31.03.2021-13:52:05
112.731	2.735100E+9	-1.083700E+1	31.03.2021-13:52:05
112.931	2.735100E+9	-1.082300E+1	31.03.2021-13:52:05
113.132	2.735100E+9	-1.081200E+1	31.03.2021-13:52:06
113.332	2.735150E+9	-1.083800E+1	31.03.2021-13:52:06
113.533	2.735150E+9	-1.088600E+1	31.03.2021-13:52:06
113.734	2.735150E+9	-1.087300E+1	31.03.2021-13:52:06
113.934	2.735150E+9	-1.087000E+1	31.03.2021-13:52:06
114.135	2.735150E+9	-1.090500E+1	31.03.2021-13:52:07
114.335	2.735150E+9	-1.087600E+1	31.03.2021-13:52:07
114.536	2.735150E+9	-1.084100E+1	31.03.2021-13:52:07
114.736	2.735200E+9	-1.081300E+1	31.03.2021-13:52:07
114.937	2.735200E+9	-1.085400E+1	31.03.2021-13:52:07
115.138	2.735200E+9	-1.086600E+1	31.03.2021-13:52:08
115.338	2.735200E+9	-1.088400E+1	31.03.2021-13:52:08
115.539	2.735200E+9	-1.088500E+1	31.03.2021-13:52:08
115.739	2.735200E+9	-1.085000E+1	31.03.2021-13:52:08
115.940	2.735200E+9	-1.083600E+1	31.03.2021-13:52:08
116.141	2.735250E+9	-1.081700E+1	31.03.2021-13:52:08
116.341	2.735250E+9	-1.085800E+1	31.03.2021-13:52:09
116.542	2.735250E+9	-1.088500E+1	31.03.2021-13:52:09
116.742	2.735250E+9	-1.084100E+1	31.03.2021-13:52:09
116.943	2.735300E+9	-1.084900E+1	31.03.2021-13:52:09
117.144	2.735300E+9	-1.087400E+1	31.03.2021-13:52:09
117.344	2.735300E+9	-1.088600E+1	31.03.2021-13:52:10
117.545	2.735300E+9	-1.086000E+1	31.03.2021-13:52:10
117.745	2.735350E+9	-1.080900E+1	31.03.2021-13:52:10
117.946	2.735350E+9	-1.085500E+1	31.03.2021-13:52:10
118.146	2.735350E+9	-1.086200E+1	31.03.2021-13:52:10
118.347	2.735400E+9	-1.082800E+1	31.03.2021-13:52:11
118.548	2.735400E+9	-1.085900E+1	31.03.2021-13:52:11
118.748	2.735400E+9	-1.087800E+1	31.03.2021-13:52:11
118.949	2.735450E+9	-1.084000E+1	31.03.2021-13:52:11
119.149	2.735450E+9	-1.084900E+1	31.03.2021-13:52:11
119.350	2.735450E+9	-1.090300E+1	31.03.2021-13:52:11
119.551	2.735450E+9	-1.082200E+1	31.03.2021-13:52:12
119.751	2.735450E+9	-1.084800E+1	31.03.2021-13:52:12
119.952	2.735500E+9	-1.084700E+1	31.03.2021-13:52:12
120.152	2.735550E+9	-1.083900E+1	31.03.2021-13:52:12
120.353	2.735550E+9	-1.088200E+1	31.03.2021-13:52:12
120.554	2.735550E+9	-1.084600E+1	31.03.2021-13:52:13
120.754	2.735550E+9	-1.081800E+1	31.03.2021-13:52:13
120.955	2.735600E+9	-1.084800E+1	31.03.2021-13:52:13
121.155	2.735600E+9	-1.085300E+1	31.03.2021-13:52:13
121.356	2.735650E+9	-1.080600E+1	31.03.2021-13:52:13
121.556	2.735650E+9	-1.086600E+1	31.03.2021-13:52:14
121.757	2.735650E+9	-1.086300E+1	31.03.2021-13:52:14
121.958	2.735650E+9	-1.084200E+1	31.03.2021-13:52:14
122.158	2.735700E+9	-1.083200E+1	31.03.2021-13:52:14
122.359	2.735700E+9	-1.084100E+1	31.03.2021-13:52:14
122.559	2.735700E+9	-1.090500E+1	31.03.2021-13:52:14
122.760	2.735700E+9	-1.087400E+1	31.03.2021-13:52:15
122.961	2.735700E+9	-1.082900E+1	31.03.2021-13:52:15
123.161	2.735750E+9	-1.081500E+1	31.03.2021-13:52:15
123.362	2.735750E+9	-1.086100E+1	31.03.2021-13:52:15
123.562	2.735750E+9	-1.086900E+1	31.03.2021-13:52:15
123.763	2.735750E+9	-1.085600E+1	31.03.2021-13:52:16
123.964	2.735750E+9	-1.088300E+1	31.03.2021-13:52:16
124.164	2.735750E+9	-1.085000E+1	31.03.2021-13:52:16
124.365	2.735750E+9	-1.084800E+1	31.03.2021-13:52:16
124.565	2.735750E+9	-1.080900E+1	31.03.2021-13:52:16
124.766	2.735800E+9	-1.079700E+1	31.03.2021-13:52:16
124.966	2.735800E+9	-1.082800E+1	31.03.2021-13:52:17
125.167	2.735800E+9	-1.084200E+1	31.03.2021-13:52:17
125.368	2.735800E+9	-1.083700E+1	31.03.2021-13:52:17
125.568	2.735800E+9	-1.084000E+1	31.03.2021-13:52:17
125.769	2.735800E+9	-1.086400E+1	31.03.2021-13:52:17
125.969	2.735800E+9	-1.086300E+1	31.03.2021-13:52:18
126.170	2.735800E+9	-1.085700E+1	31.03.2021-13:52:18
126.371	2.735800E+9	-1.088000E+1	31.03.2021-13:52:18
126.571	2.735800E+9	-1.087600E+1	31.03.2021-13:52:18
126.772	2.735800E+9	-1.087300E+1	31.03.2021-13:52:18
126.972	2.735800E+9	-1.086000E+1	31.03.2021-13:52:18
127.173	2.735800E+9	-1.086700E+1	31.03.2021-13:52:19
127.374	2.735800E+9	-1.087700E+1	31.03.2021-13:52:19
127.574	2.735800E+9	-1.085800E+1	31.03.2021-13:52:19
127.775	2.735800E+9	-1.088000E+1	31.03.2021-13:52:19
127.975	2.735800E+9	-1.086500E+1	31.03.2021-13:52:19
128.176	2.735800E+9	-1.087200E+1	31.03.2021-13:52:20
128.376	2.735800E+9	-1.088700E+1	31.03.2021-13:52:20
128.577	2.735800E+9	-1.089200E+1	31.03.2021-13:52:20
128.778	2.735800E+9	-1.087200E+1	31.03.2021-13:52:20
128.978	2.735800E+9	-1.086000E+1	31.03.2021-13:52:20
129.179	2.735800E+9	-1.086000E+1	31.03.2021-13:52:20
129.379	2.735800E+9	-1.085200E+1	31.03.2021-13:52:21
129.580	2.735800E+9	-1.084100E+1	31.03.2021-13:52:21
129.781	2.735800E+9	-1.086100E+1	31.03.2021-13:52:21
129.981	2.735800E+9	-1.085200E+1	31.03.2021-13:52:21
130.182	2.735800E+9	-1.084900E+1	31.03.2021-13:52:21
130.382	2.735800E+9	-1.084900E+1	31.03.2021-13:52:22
130.583	2.735800E+9	-1.084800E+1	31.03.2021-13:52:22
130.784	2.735800E+9	-1.087900E+1	31.03.2021-13:52:22
130.984	2.735800E+9	-1.086900E+1	31.03.2021-13:52:22
131.185	2.735800E+9	-1.085200E+1	31.03.2021-13:52:22
131.385	2.735800E+9	-1.085400E+1	31.03.2021-13:52:23
131.586	2.735800E+9	-1.085700E+1	31.03.2021-13:52:23
131.786	2.735800E+9	-1.086800E+1	31.03.2021-13:52:23
131.987	2.735800E+9	-1.086200E+1	31.03.2021-13:52:23
132.188	2.735800E+9	-1.086500E+1	31.03.2021-13:52:23
132.388	2.735800E+9	-1.087000E+1	31.03.2021-13:52:23
132.589	2.735800E+9	-1.083800E+1	31.03.2021-13:52:24
132.789	2.735800E+9	-1.084000E+1	31.03.2021-13:52:24
132.990	2.735800E+9	-1.086500E+1	31.03.2021-13:52:24
133.191	2.735800E+9	-1.088500E+1	31.03.2021-13:52:24
133.391	2.735800E+9	-1.086700E+1	31.03.2021-13:52:24
133.592	2.735800E+9	-1.086900E+1	31.03.2021-13:52:25
133.792	2.735800E+9	-1.085800E+1	31.03.2021-13:52:25
133.993	2.735800E+9	-1.086800E+1	31.03.2021-13:52:25
134.194	2.735800E+9	-1.085700E+1	31.03.2021-13:52:25
134.394	2.735800E+9	-1.084600E+1	31.03.2021-13:52:25
134.595	2.735800E+9	-1.085000E+1	31.03.2021-13:52:25
134.795	2.735800E+9	-1.083700E+1	31.03.2021-13:52:26
134.996	2.735800E+9	-1.085200E+1	31.03.2021-13:52:26
135.196	2.735800E+9	-1.088100E+1	31.03.2021-13:52:26
135.397	2.735800E+9	-1.084300E+1	31.03.2021-13:52:26
135.598	2.735800E+9	-1.087100E+1	31.03.2021-13:52:26
135.798	2.735800E+9	-1.087500E+1	31.03.2021-13:52:27
135.999	2.735800E+9	-1.086300E+1	31.03.2021-13:52:27
136.199	2.735800E+9	-1.086000E+1	31.03.2021-13:52:27
136.400	2.735800E+9	-1.087900E+1	31.03.2021-13:52:27
136.601	2.735800E+9	-1.087400E+1	31.03.2021-13:52:27
136.801	2.735800E+9	-1.086300E+1	31.03.2021-13:52:27
137.002	2.735800E+9	-1.087000E+1	31.03.2021-13:52:28
137.202	2.735800E+9	-1.087800E+1	31.03.2021-13:52:28
137.403	2.735800E+9	-1.085000E+1	31.03.2021-13:52:28
137.604	2.735800E+9	-1.086400E+1	31.03.2021-13:52:28
137.804	2.735800E+9	-1.086700E+1	31.03.2021-13:52:28
138.005	2.735800E+9	-1.087200E+1	31.03.2021-13:52:29
138.205	2.735800E+9	-1.085400E+1	31.03.2021-13:52:29
138.406	2.735800E+9	-1.086600E+1	31.03.2021-13:52:29
138.606	2.735800E+9	-1.086100E+1	31.03.2021-13:52:29
138.807	2.735800E+9	-1.087500E+1	31.03.2021-13:52:29
139.008	2.735800E+9	-1.086100E+1	31.03.2021-13:52:30
139.208	2.735800E+9	-1.085400E+1	31.03.2021-13:52:30
139.409	2.735800E+9	-1.083500E+1	31.03.2021-13:52:30
139.609	2.735800E+9	-1.085500E+1	31.03.2021-13:52:30
139.810	2.735800E+9	-1.086600E+1	31.03.2021-13:52:30
140.011	2.735800E+9	-1.086900E+1	31.03.2021-13:52:30
140.211	2.735800E+9	-1.086200E+1	31.03.2021-13:52:31
140.412	2.735800E+9	-1.084800E+1	31.03.2021-13:52:31
140.612	2.735800E+9	-1.086400E+1	31.03.2021-13:52:31
140.813	2.735800E+9	-1.087400E+1	31.03.2021-13:52:31
141.014	2.735800E+9	-1.084400E+1	31.03.2021-13:52:31
141.214	2.735800E+9	-1.086700E+1	31.03.2021-13:52:32
141.415	2.735800E+9	-1.084300E+1	31.03.2021-13:52:32
141.615	2.735800E+9	-1.087400E+1	31.03.2021-13:52:32
141.816	2.735800E+9	-1.084400E+1	31.03.2021-13:52:32
142.016	2.735800E+9	-1.086400E+1	31.03.2021-13:52:32
142.217	2.735800E+9	-1.084400E+1	31.03.2021-13:52:32
142.418	2.735800E+9	-1.087200E+1	31.03.2021-13:52:33
142.618	2.735800E+9	-1.086600E+1	31.03.2021-13:52:33
142.819	2.735800E+9	-1.087500E+1	31.03.2021-13:52:33
143.019	2.735800E+9	-1.085800E+1	31.03.2021-13:52:33
143.220	2.735800E+9	-1.086600E+1	31.03.2021-13:52:33
143.421	2.735800E+9	-1.082500E+1	31.03.2021-13:52:34
143.621	2.735800E+9	-1.087300E+1	31.03.2021-13:52:34
143.822	2.735800E+9	-1.086100E+1	31.03.2021-13:52:34
144.022	2.735800E+9	-1.086400E+1	31.03.2021-13:52:34
144.223	2.735800E+9	-1.086900E+1	31.03.2021-13:52:34
144.424	2.735800E+9	-1.083900E+1	31.03.2021-13:52:35
144.624	2.735800E+9	-1.084400E+1	31.03.2021-13:52:35
144.825	2.735800E+9	-1.086200E+1	31.03.2021-13:52:35
145.025	2.735800E+9	-1.085700E+1	31.03.2021-13:52:35
145.226	2.735800E+9	-1.084300E+1	31.03.2021-13:52:35
145.426	2.735800E+9	-1.085100E+1	31.03.2021-13:52:35
145.627	2.735800E+9	-1.086600E+1	31.03.2021-13:52:36
145.828	2.735800E+9	-1.086300E+1	31.03.2021-13:52:36
146.028	2.735800E+9	-1.087800E+1	31.03.2021-13:52:36
146.229	2.735800E+9	-1.085200E+1	31.03.2021-13:52:36
146.429	2.735800E+9	-1.084500E+1	31.03.2021-13:52:36
146.630	2.735800E+9	-1.087600E+1	31.03.2021-13:52:37
146.831	2.735800E+9	-1.084400E+1	31.03.2021-13:52:37
147.031	2.735800E+9	-1.084300E+1	31.03.2021-13:52:37
147.232	2.735800E+9	-1.084400E+1	31.03.2021-13:52:37
147.432	2.735800E+9	-1.085100E+1	31.03.2021-13:52:37
147.633	2.735800E+9	-1.086400E+1	31.03.2021-13:52:38
147.834	2.735800E+9	-1.086600E+1	31.03.2021-13:52:38
148.034	2.735800E+9	-1.087900E+1	31.03.2021-13:52:38
148.235	2.735800E+9	-1.085200E+1	31.03.2021-13:52:38
148.435	2.735800E+9	-1.087300E+1	31.03.2021-13:52:38
148.636	2.735800E+9	-1.087000E+1	31.03.2021-13:52:38
148.836	2.735800E+9	-1.085500E+1	31.03.2021-13:52:39
149.037	2.735800E+9	-1.087000E+1	31.03.2021-13:52:39
149.238	2.735800E+9	-1.086600E+1	31.03.2021-13:52:39
149.438	2.735800E+9	-1.088100E+1	31.03.2021-13:52:39
149.639	2.735800E+9	-1.084800E+1	31.03.2021-13:52:39
149.839	2.735800E+9	-1.086400E+1	31.03.2021-13:52:40
150.040	2.735800E+9	-1.085400E+1	31.03.2021-13:52:40
150.241	2.735800E+9	-1.084800E+1	31.03.2021-13:52:40
150.441	2.735800E+9	-1.086700E+1	31.03.2021-13:52:40
150.642	2.735800E+9	-1.085100E+1	31.03.2021-13:52:40
150.842	2.735800E+9	-1.084400E+1	31.03.2021-13:52:41
151.043	2.735800E+9	-1.086100E+1	31.03.2021-13:52:41
151.244	2.735800E+9	-1.084800E+1	31.03.2021-13:52:41
151.444	2.735800E+9	-1.087000E+1	31.03.2021-13:52:41
151.645	2.735800E+9	-1.085900E+1	31.03.2021-13:52:41
151.845	2.735800E+9	-1.085200E+1	31.03.2021-13:52:41
152.046	2.735800E+9	-1.086700E+1	31.03.2021-13:52:42
152.246	2.735800E+9	-1.086400E+1	31.03.2021-13:52:42
152.447	2.735800E+9	-1.087700E+1	31.03.2021-13:52:42
152.648	2.735800E+9	-1.083900E+1	31.03.2021-13:52:42
152.848	2.735800E+9	-1.085500E+1	31.03.2021-13:52:42
153.049	2.735800E+9	-1.086100E+1	31.03.2021-13:52:43
153.249	2.735800E+9	-1.084800E+1	31.03.2021-13:52:43
153.450	2.735800E+9	-1.088600E+1	31.03.2021-13:52:43
153.651	2.735800E+9	-1.086300E+1	31.03.2021-13:52:43
153.851	2.735800E+9	-1.083600E+1	31.03.2021-13:52:43
154.052	2.735800E+9	-1.086400E+1	31.03.2021-13:52:43
154.252	2.735800E+9	-1.085300E+1	31.03.2021-13:52:44
154.453	2.735800E+9	-1.088600E+1	31.03.2021-13:52:44
154.654	2.735800E+9	-1.087000E+1	31.03.2021-13:52:44
154.854	2.735800E+9	-1.082700E+1	31.03.2021-13:52:44
155.055	2.735800E+9	-1.087500E+1	31.03.2021-13:52:44
155.255	2.735800E+9	-1.088100E+1	31.03.2021-13:52:45
155.456	2.735800E+9	-1.085900E+1	31.03.2021-13:52:45
155.656	2.735800E+9	-1.085700E+1	31.03.2021-13:52:45
155.857	2.735800E+9	-1.086200E+1	31.03.2021-13:52:45
156.058	2.735800E+9	-1.087500E+1	31.03.2021-13:52:45
156.258	2.735800E+9	-1.087400E+1	31.03.2021-13:52:45
156.459	2.735800E+9	-1.085100E+1	31.03.2021-13:52:46
156.659	2.735800E+9	-1.084500E+1	31.03.2021-13:52:46
156.860	2.735800E+9	-1.086400E+1	31.03.2021-13:52:46
157.061	2.735800E+9	-1.085600E+1	31.03.2021-13:52:46
157.261	2.735800E+9	-1.087700E+1	31.03.2021-13:52:46
157.462	2.735800E+9	-1.085800E+1	31.03.2021-13:52:47
157.662	2.735800E+9	-1.085700E+1	31.03.2021-13:52:47
157.863	2.735800E+9	-1.088200E+1	31.03.2021-13:52:47
158.064	2.735800E+9	-1.085600E+1	31.03.2021-13:52:47
158.264	2.735800E+9	-1.088200E+1	31.03.2021-13:52:47
158.465	2.735800E+9	-1.086000E+1	31.03.2021-13:52:47
158.665	2.735800E+9	-1.086900E+1	31.03.2021-13:52:48
158.866	2.735800E+9	-1.088900E+1	31.03.2021-13:52:48
159.066	2.735800E+9	-1.084600E+1	31.03.2021-13:52:48
159.267	2.735800E+9	-1.085600E+1	31.03.2021-13:52:48
159.468	2.735800E+9	-1.086500E+1	31.03.2021-13:52:48
159.668	2.735800E+9	-1.086900E+1	31.03.2021-13:52:49
159.869	2.735800E+9	-1.085000E+1	31.03.2021-13:52:49
160.069	2.735800E+9	-1.086900E+1	31.03.2021-13:52:49
160.270	2.735800E+9	-1.087000E+1	31.03.2021-13:52:49
160.471	2.735800E+9	-1.084100E+1	31.03.2021-13:52:49
160.671	2.735800E+9	-1.086500E+1	31.03.2021-13:52:50
160.872	2.735800E+9	-1.086600E+1	31.03.2021-13:52:50
161.072	2.735800E+9	-1.086500E+1	31.03.2021-13:52:50
161.273	2.735800E+9	-1.084900E+1	31.03.2021-13:52:50
161.474	2.735800E+9	-1.084400E+1	31.03.2021-13:52:50
161.674	2.735800E+9	-1.085300E+1	31.03.2021-13:52:50
161.875	2.735800E+9	-1.085000E+1	31.03.2021-13:52:51
162.075	2.735800E+9	-1.085900E+1	31.03.2021-13:52:51
162.276	2.735800E+9	-1.088200E+1	31.03.2021-13:52:51
162.476	2.735800E+9	-1.085300E+1	31.03.2021-13:52:51
162.677	2.735800E+9	-1.086900E+1	31.03.2021-13:52:51
162.878	2.735800E+9	-1.084000E+1	31.03.2021-13:52:52
163.078	2.735800E+9	-1.085500E+1	31.03.2021-13:52:52
163.279	2.735800E+9	-1.085700E+1	31.03.2021-13:52:52
163.479	2.735800E+9	-1.086600E+1	31.03.2021-13:52:52
163.680	2.735800E+9	-1.085800E+1	31.03.2021-13:52:52
163.881	2.735800E+9	-1.084900E+1	31.03.2021-13:52:52
164.081	2.735800E+9	-1.087400E+1	31.03.2021-13:52:53
164.282	2.735800E+9	-1.084200E+1	31.03.2021-13:52:53
164.482	2.735800E+9	-1.087100E+1	31.03.2021-13:52:53
164.683	2.735800E+9	-1.086500E+1	31.03.2021-13:52:53
164.884	2.735800E+9	-1.087000E+1	31.03.2021-13:52:53
165.084	2.735800E+9	-1.086700E+1	31.03.2021-13:52:54
165.285	2.735800E+9	-1.085100E+1	31.03.2021-13:52:54
165.485	2.735800E+9	-1.086300E+1	31.03.2021-13:52:54
165.686	2.735800E+9	-1.086700E+1	31.03.2021-13:52:54
165.886	2.735800E+9	-1.090100E+1	31.03.2021-13:52:54
166.087	2.735800E+9	-1.083400E+1	31.03.2021-13:52:54
166.288	2.735800E+9	-1.085600E+1	31.03.2021-13:52:55
166.488	2.735800E+9	-1.086400E+1	31.03.2021-13:52:55
166.689	2.735800E+9	-1.085800E+1	31.03.2021-13:52:55
166.889	2.735800E+9	-1.084400E+1	31.03.2021-13:52:55
167.090	2.735800E+9	-1.085800E+1	31.03.2021-13:52:55
167.291	2.735800E+9	-1.086500E+1	31.03.2021-13:52:56
167.491	2.735800E+9	-1.086400E+1	31.03.2021-13:52:56
167.692	2.735800E+9	-1.085100E+1	31.03.2021-13:52:56
167.892	2.735800E+9	-1.085300E+1	31.03.2021-13:52:56
168.093	2.735800E+9	-1.087000E+1	31.03.2021-13:52:56
168.294	2.735800E+9	-1.089200E+1	31.03.2021-13:52:56
168.494	2.735800E+9	-1.085800E+1	31.03.2021-13:52:57
168.695	2.735800E+9	-1.083500E+1	31.03.2021-13:52:57
168.895	2.735800E+9	-1.086300E+1	31.03.2021-13:52:57
169.096	2.735800E+9	-1.086100E+1	31.03.2021-13:52:57
169.296	2.735800E+9	-1.087400E+1	31.03.2021-13:52:57
169.497	2.735800E+9	-1.085500E+1	31.03.2021-13:52:58
169.698	2.735800E+9	-1.088000E+1	31.03.2021-13:52:58
169.898	2.735800E+9	-1.086700E+1	31.03.2021-13:52:58
170.099	2.735800E+9	-1.086900E+1	31.03.2021-13:52:58
170.299	2.735800E+9	-1.085800E+1	31.03.2021-13:52:58
170.500	2.735800E+9	-1.086900E+1	31.03.2021-13:52:58
170.701	2.735800E+9	-1.084800E+1	31.03.2021-13:52:59
170.901	2.735800E+9	-1.087400E+1	31.03.2021-13:52:59
171.102	2.735800E+9	-1.086600E+1	31.03.2021-13:52:59
171.302	2.735800E+9	-1.085600E+1	31.03.2021-13:52:59
171.503	2.735800E+9	-1.085400E+1	31.03.2021-13:52:59
171.704	2.735800E+9	-1.086300E+1	31.03.2021-13:53:00
171.904	2.735800E+9	-1.086000E+1	31.03.2021-13:53:00
172.105	2.735800E+9	-1.086600E+1	31.03.2021-13:53:00
172.305	2.735800E+9	-1.084900E+1	31.03.2021-13:53:00
172.506	2.735800E+9	-1.084700E+1	31.03.2021-13:53:00
172.706	2.735800E+9	-1.085000E+1	31.03.2021-13:53:00
172.907	2.735800E+9	-1.085100E+1	31.03.2021-13:53:01
173.108	2.735800E+9	-1.086300E+1	31.03.2021-13:53:01
173.308	2.735800E+9	-1.086200E+1	31.03.2021-13:53:01
173.509	2.735800E+9	-1.085100E+1	31.03.2021-13:53:01
173.709	2.735800E+9	-1.085600E+1	31.03.2021-13:53:01
173.910	2.735800E+9	-1.086800E+1	31.03.2021-13:53:02
174.111	2.735800E+9	-1.087000E+1	31.03.2021-13:53:02
174.311	2.735800E+9	-1.087700E+1	31.03.2021-13:53:02
174.512	2.735800E+9	-1.085600E+1	31.03.2021-13:53:02
174.712	2.735800E+9	-1.084100E+1	31.03.2021-13:53:02
174.913	2.735800E+9	-1.084800E+1	31.03.2021-13:53:03
175.114	2.735800E+9	-1.087100E+1	31.03.2021-13:53:03
175.314	2.735800E+9	-1.085000E+1	31.03.2021-13:53:03
175.515	2.735800E+9	-1.086200E+1	31.03.2021-13:53:03
175.715	2.735800E+9	-1.087100E+1	31.03.2021-13:53:03
175.916	2.735800E+9	-1.085800E+1	31.03.2021-13:53:03
176.116	2.735800E+9	-1.082600E+1	31.03.2021-13:53:04
176.317	2.735800E+9	-1.085300E+1	31.03.2021-13:53:04
176.518	2.735800E+9	-1.086600E+1	31.03.2021-13:53:04
176.718	2.735800E+9	-1.085000E+1	31.03.2021-13:53:04
176.919	2.735800E+9	-1.086800E+1	31.03.2021-13:53:04
177.119	2.735800E+9	-1.084300E+1	31.03.2021-13:53:05
177.320	2.735800E+9	-1.087200E+1	31.03.2021-13:53:05
177.521	2.735800E+9	-1.085600E+1	31.03.2021-13:53:05
177.721	2.735800E+9	-1.085300E+1	31.03.2021-13:53:05
177.922	2.735800E+9	-1.085600E+1	31.03.2021-13:53:05
178.122	2.735800E+9	-1.085200E+1	31.03.2021-13:53:05
178.323	2.735800E+9	-1.083800E+1	31.03.2021-13:53:06
178.524	2.735800E+9	-1.085000E+1	31.03.2021-13:53:06
178.724	2.735800E+9	-1.084900E+1	31.03.2021-13:53:06
178.925	2.735800E+9	-1.086100E+1	31.03.2021-13:53:06
179.125	2.735800E+9	-1.087800E+1	31.03.2021-13:53:06
179.326	2.735800E+9	-1.084900E+1	31.03.2021-13:53:07
179.526	2.735800E+9	-1.088000E+1	31.03.2021-13:53:07
179.727	2.735800E+9	-1.086100E+1	31.03.2021-13:53:07
179.928	2.735800E+9	-1.086600E+1	31.03.2021-13:53:07
180.128	2.735800E+9	-1.086300E+1	31.03.2021-13:53:07
180.329	2.735800E+9	-1.086900E+1	31.03.2021-13:53:07
180.529	2.735800E+9	-1.085400E+1	31.03.2021-13:53:08
180.730	2.735800E+9	-1.085400E+1	31.03.2021-13:53:08
180.931	2.735800E+9	-1.086400E+1	31.03.2021-13:53:08
181.131	2.735800E+9	-1.086900E+1	31.03.2021-13:53:08
181.332	2.735800E+9	-1.084400E+1	31.03.2021-13:53:08
181.532	2.735800E+9	-1.085700E+1	31.03.2021-13:53:09
181.733	2.735800E+9	-1.084400E+1	31.03.2021-13:53:09
181.934	2.735800E+9	-1.084600E+1	31.03.2021-13:53:09
182.134	2.735800E+9	-1.084600E+1	31.03.2021-13:53:09
182.335	2.735800E+9	-1.084300E+1	31.03.2021-13:53:09
182.535	2.735800E+9	-1.088300E+1	31.03.2021-13:53:09
182.736	2.735800E+9	-1.085600E+1	31.03.2021-13:53:10
182.936	2.735800E+9	-1.087700E+1	31.03.2021-13:53:10
183.137	2.735800E+9	-1.082100E+1	31.03.2021-13:53:10
183.338	2.735800E+9	-1.084400E+1	31.03.2021-13:53:10
183.538	2.735800E+9	-1.085300E+1	31.03.2021-13:53:10
183.739	2.735800E+9	-1.087100E+1	31.03.2021-13:53:11
183.939	2.735800E+9	-1.085100E+1	31.03.2021-13:53:11
184.140	2.735800E+9	-1.086400E+1	31.03.2021-13:53:11
184.341	2.735800E+9	-1.085000E+1	31.03.2021-13:53:11
184.541	2.735800E+9	-1.086700E+1	31.03.2021-13:53:11
184.742	2.735800E+9	-1.086400E+1	31.03.2021-13:53:12
184.942	2.735800E+9	-1.084000E+1	31.03.2021-13:53:12
185.143	2.735800E+9	-1.086300E+1	31.03.2021-13:53:12
185.344	2.735800E+9	-1.088900E+1	31.03.2021-13:53:12
185.544	2.735800E+9	-1.085200E+1	31.03.2021-13:53:12
185.745	2.735800E+9	-1.083600E+1	31.03.2021-13:53:12
185.945	2.735800E+9	-1.083700E+1	31.03.2021-13:53:13
186.146	2.735800E+9	-1.084900E+1	31.03.2021-13:53:13
186.346	2.735800E+9	-1.085200E+1	31.03.2021-13:53:13
186.547	2.735800E+9	-1.088000E+1	31.03.2021-13:53:13
186.748	2.735800E+9	-1.084600E+1	31.03.2021-13:53:13
186.948	2.735800E+9	-1.084800E+1	31.03.2021-13:53:14
187.149	2.735800E+9	-1.085300E+1	31.03.2021-13:53:14
187.349	2.735800E+9	-1.086100E+1	31.03.2021-13:53:14
187.550	2.735800E+9	-1.086100E+1	31.03.2021-13:53:14
187.751	2.735800E+9	-1.085300E+1	31.03.2021-13:53:14
187.951	2.735800E+9	-1.087200E+1	31.03.2021-13:53:14
188.152	2.735800E+9	-1.085700E+1	31.03.2021-13:53:15
188.352	2.735800E+9	-1.087000E+1	31.03.2021-13:53:15
188.553	2.735800E+9	-1.086500E+1	31.03.2021-13:53:15
188.754	2.735800E+9	-1.085000E+1	31.03.2021-13:53:15
188.954	2.735800E+9	-1.085400E+1	31.03.2021-13:53:15
189.155	2.735800E+9	-1.087900E+1	31.03.2021-13:53:16
189.355	2.735800E+9	-1.085700E+1	31.03.2021-13:53:16
189.556	2.735800E+9	-1.085100E+1	31.03.2021-13:53:16
189.756	2.735800E+9	-1.085400E+1	31.03.2021-13:53:16
189.957	2.735800E+9	-1.085000E+1	31.03.2021-13:53:16
190.158	2.735800E+9	-1.085100E+1	31.03.2021-13:53:17
190.358	2.735800E+9	-1.084900E+1	31.03.2021-13:53:17
190.559	2.735800E+9	-1.086500E+1	31.03.2021-13:53:17
190.759	2.735800E+9	-1.084400E+1	31.03.2021-13:53:17
190.960	2.735800E+9	-1.086200E+1	31.03.2021-13:53:17
191.161	2.735800E+9	-1.086400E+1	31.03.2021-13:53:17
191.361	2.735800E+9	-1.084400E+1	31.03.2021-13:53:18
191.562	2.735800E+9	-1.084900E+1	31.03.2021-13:53:18
191.762	2.735800E+9	-1.087600E+1	31.03.2021-13:53:18
191.963	2.735800E+9	-1.085200E+1	31.03.2021-13:53:18
192.164	2.735800E+9	-1.085300E+1	31.03.2021-13:53:18
192.364	2.735800E+9	-1.085500E+1	31.03.2021-13:53:19
192.565	2.735800E+9	-1.085300E+1	31.03.2021-13:53:19
192.765	2.735800E+9	-1.088300E+1	31.03.2021-13:53:19
192.966	2.735800E+9	-1.085200E+1	31.03.2021-13:53:19
193.166	2.735800E+9	-1.084800E+1	31.03.2021-13:53:19
193.367	2.735800E+9	-1.085000E+1	31.03.2021-13:53:19
193.568	2.735800E+9	-1.083200E+1	31.03.2021-13:53:20
193.768	2.735800E+9	-1.083100E+1	31.03.2021-13:53:20
193.969	2.735800E+9	-1.084500E+1	31.03.2021-13:53:20
194.169	2.735800E+9	-1.087200E+1	31.03.2021-13:53:20
194.370	2.735800E+9	-1.085900E+1	31.03.2021-13:53:20
194.571	2.735800E+9	-1.085200E+1	31.03.2021-13:53:21
194.771	2.735800E+9	-1.086300E+1	31.03.2021-13:53:21
194.972	2.735800E+9	-1.085300E+1	31.03.2021-13:53:21
195.172	2.735800E+9	-1.085500E+1	31.03.2021-13:53:21
195.373	2.735800E+9	-1.085900E+1	31.03.2021-13:53:21
195.574	2.735800E+9	-1.085900E+1	31.03.2021-13:53:21
195.774	2.735800E+9	-1.084700E+1	31.03.2021-13:53:22
195.975	2.735800E+9	-1.085300E+1	31.03.2021-13:53:22
196.175	2.735800E+9	-1.088100E+1	31.03.2021-13:53:22
196.376	2.735800E+9	-1.086700E+1	31.03.2021-13:53:22
196.576	2.735800E+9	-1.085600E+1	31.03.2021-13:53:22
196.777	2.735800E+9	-1.086200E+1	31.03.2021-13:53:23
196.978	2.735800E+9	-1.085800E+1	31.03.2021-13:53:23
197.178	2.735800E+9	-1.084200E+1	31.03.2021-13:53:23
197.379	2.735800E+9	-1.083600E+1	31.03.2021-13:53:23
197.579	2.735800E+9	-1.085400E+1	31.03.2021-13:53:23
197.780	2.735800E+9	-1.085900E+1	31.03.2021-13:53:23
197.981	2.735800E+9	-1.085300E+1	31.03.2021-13:53:24
198.181	2.735800E+9	-1.086900E+1	31.03.2021-13:53:24
198.382	2.735800E+9	-1.086000E+1	31.03.2021-13:53:24
198.582	2.735800E+9	-1.086200E+1	31.03.2021-13:53:24
198.783	2.735800E+9	-1.085400E+1	31.03.2021-13:53:24
198.984	2.735800E+9	-1.083800E+1	31.03.2021-13:53:25
199.184	2.735800E+9	-1.087700E+1	31.03.2021-13:53:25
199.385	2.735800E+9	-1.087100E+1	31.03.2021-13:53:25
199.585	2.735800E+9	-1.084900E+1	31.03.2021-13:53:25
199.786	2.735800E+9	-1.084300E+1	31.03.2021-13:53:25
199.986	2.735800E+9	-1.086700E+1	31.03.2021-13:53:26
200.187	2.735800E+9	-1.084500E+1	31.03.2021-13:53:26
