#Abstand (mm)	Hz	     dB	      Zeitpunkt
0.000	2.735800E+9	-1.091400E+1	31.03.2021-13:46:24
0.201	2.735800E+9	-1.087700E+1	31.03.2021-13:46:24
0.401	2.735800E+9	-1.087800E+1	31.03.2021-13:46:24
0.602	2.735800E+9	-1.088500E+1	31.03.2021-13:46:24
0.802	2.735800E+9	-1.088500E+1	31.03.2021-13:46:24
1.003	2.735800E+9	-1.089000E+1	31.03.2021-13:46:24
1.204	2.735800E+9	-1.087900E+1	31.03.2021-13:46:25
1.404	2.735800E+9	-1.090000E+1	31.03.2021-13:46:25
1.605	2.735800E+9	-1.086100E+1	31.03.2021-13:46:25
1.805	2.735800E+9	-1.087800E+1	31.03.2021-13:46:25
2.006	2.735800E+9	-1.086800E+1	31.03.2021-13:46:25
2.206	2.735800E+9	-1.086800E+1	31.03.2021-13:46:26
2.407	2.735800E+9	-1.087300E+1	31.03.2021-13:46:26
2.608	2.735800E+9	-1.087900E+1	31.03.2021-13:46:26
2.808	2.735800E+9	-1.087000E+1	31.03.2021-13:46:26
3.009	2.735800E+9	-1.087900E+1	31.03.2021-13:46:26
3.209	2.735800E+9	-1.089200E+1	31.03.2021-13:46:26
3.410	2.735800E+9	-1.087700E+1	31.03.2021-13:46:27
3.611	2.735800E+9	-1.088500E+1	31.03.2021-13:46:27
3.811	2.735800E+9	-1.087700E+1	31.03.2021-13:46:27
4.012	2.735800E+9	-1.087500E+1	31.03.2021-13:46:27
4.212	2.735800E+9	-1.088000E+1	31.03.2021-13:46:27
4.413	2.735800E+9	-1.089000E+1	31.03.2021-13:46:28
4.614	2.735800E+9	-1.087300E+1	31.03.2021-13:46:28
4.814	2.735800E+9	-1.085300E+1	31.03.2021-13:46:28
5.015	2.735800E+9	-1.090000E+1	31.03.2021-13:46:28
5.215	2.735800E+9	-1.089900E+1	31.03.2021-13:46:28
5.416	2.735800E+9	-1.088600E+1	31.03.2021-13:46:29
5.616	2.735800E+9	-1.087700E+1	31.03.2021-13:46:29
5.817	2.735800E+9	-1.089200E+1	31.03.2021-13:46:29
6.018	2.735800E+9	-1.087800E+1	31.03.2021-13:46:29
6.218	2.735800E+9	-1.088600E+1	31.03.2021-13:46:29
6.419	2.735800E+9	-1.088600E+1	31.03.2021-13:46:29
6.619	2.735800E+9	-1.088700E+1	31.03.2021-13:46:30
6.820	2.735800E+9	-1.086200E+1	31.03.2021-13:46:30
7.021	2.735800E+9	-1.088300E+1	31.03.2021-13:46:30
7.221	2.735800E+9	-1.085000E+1	31.03.2021-13:46:30
7.422	2.735800E+9	-1.087500E+1	31.03.2021-13:46:30
7.622	2.735800E+9	-1.085700E+1	31.03.2021-13:46:31
7.823	2.735800E+9	-1.090000E+1	31.03.2021-13:46:31
8.024	2.735800E+9	-1.087300E+1	31.03.2021-13:46:31
8.224	2.735800E+9	-1.086100E+1	31.03.2021-13:46:31
8.425	2.735800E+9	-1.086600E+1	31.03.2021-13:46:31
8.625	2.735800E+9	-1.086800E+1	31.03.2021-13:46:31
8.826	2.735800E+9	-1.087600E+1	31.03.2021-13:46:32
9.026	2.735800E+9	-1.089500E+1	31.03.2021-13:46:32
9.227	2.735800E+9	-1.085400E+1	31.03.2021-13:46:32
9.428	2.735800E+9	-1.088600E+1	31.03.2021-13:46:32
9.628	2.735800E+9	-1.086200E+1	31.03.2021-13:46:32
9.829	2.735800E+9	-1.088900E+1	31.03.2021-13:46:33
10.029	2.735800E+9	-1.086600E+1	31.03.2021-13:46:33
10.230	2.735800E+9	-1.087800E+1	31.03.2021-13:46:33
10.431	2.735800E+9	-1.087400E+1	31.03.2021-13:46:33
10.631	2.735800E+9	-1.088700E+1	31.03.2021-13:46:33
10.832	2.735800E+9	-1.088100E+1	31.03.2021-13:46:33
11.032	2.735800E+9	-1.088400E+1	31.03.2021-13:46:34
11.233	2.735800E+9	-1.088600E+1	31.03.2021-13:46:34
11.434	2.735800E+9	-1.087400E+1	31.03.2021-13:46:34
11.634	2.735800E+9	-1.088800E+1	31.03.2021-13:46:34
11.835	2.735800E+9	-1.083800E+1	31.03.2021-13:46:34
12.035	2.735800E+9	-1.087300E+1	31.03.2021-13:46:35
12.236	2.735800E+9	-1.087200E+1	31.03.2021-13:46:35
12.436	2.735800E+9	-1.089300E+1	31.03.2021-13:46:35
12.637	2.735800E+9	-1.087200E+1	31.03.2021-13:46:35
12.838	2.735800E+9	-1.088800E+1	31.03.2021-13:46:35
13.038	2.735800E+9	-1.086300E+1	31.03.2021-13:46:36
13.239	2.735800E+9	-1.085200E+1	31.03.2021-13:46:36
13.439	2.735800E+9	-1.088900E+1	31.03.2021-13:46:36
13.640	2.735800E+9	-1.085500E+1	31.03.2021-13:46:36
13.841	2.735800E+9	-1.088300E+1	31.03.2021-13:46:36
14.041	2.735800E+9	-1.091000E+1	31.03.2021-13:46:36
14.242	2.735800E+9	-1.089100E+1	31.03.2021-13:46:37
14.442	2.735800E+9	-1.085600E+1	31.03.2021-13:46:37
14.643	2.735800E+9	-1.088700E+1	31.03.2021-13:46:37
14.844	2.735800E+9	-1.087700E+1	31.03.2021-13:46:37
15.044	2.735800E+9	-1.087600E+1	31.03.2021-13:46:37
15.245	2.735800E+9	-1.087900E+1	31.03.2021-13:46:38
15.445	2.735800E+9	-1.086100E+1	31.03.2021-13:46:38
15.646	2.735800E+9	-1.087400E+1	31.03.2021-13:46:38
15.846	2.735800E+9	-1.088300E+1	31.03.2021-13:46:38
16.047	2.735800E+9	-1.087900E+1	31.03.2021-13:46:38
16.248	2.735800E+9	-1.088500E+1	31.03.2021-13:46:38
16.448	2.735800E+9	-1.088500E+1	31.03.2021-13:46:39
16.649	2.735800E+9	-1.087000E+1	31.03.2021-13:46:39
16.849	2.735800E+9	-1.088000E+1	31.03.2021-13:46:39
17.050	2.735800E+9	-1.088000E+1	31.03.2021-13:46:39
17.251	2.735800E+9	-1.087400E+1	31.03.2021-13:46:39
17.451	2.735800E+9	-1.088300E+1	31.03.2021-13:46:40
17.652	2.735800E+9	-1.088600E+1	31.03.2021-13:46:40
17.852	2.735800E+9	-1.087200E+1	31.03.2021-13:46:40
18.053	2.735800E+9	-1.086700E+1	31.03.2021-13:46:40
18.254	2.735800E+9	-1.089700E+1	31.03.2021-13:46:40
18.454	2.735800E+9	-1.089500E+1	31.03.2021-13:46:40
18.655	2.735800E+9	-1.086400E+1	31.03.2021-13:46:41
18.855	2.735800E+9	-1.087000E+1	31.03.2021-13:46:41
19.056	2.735800E+9	-1.086500E+1	31.03.2021-13:46:41
19.256	2.735800E+9	-1.085600E+1	31.03.2021-13:46:41
19.457	2.735800E+9	-1.088300E+1	31.03.2021-13:46:41
19.658	2.735800E+9	-1.089400E+1	31.03.2021-13:46:42
19.858	2.735800E+9	-1.088200E+1	31.03.2021-13:46:42
20.059	2.735800E+9	-1.088200E+1	31.03.2021-13:46:42
20.259	2.735800E+9	-1.087100E+1	31.03.2021-13:46:42
20.460	2.735800E+9	-1.086800E+1	31.03.2021-13:46:42
20.661	2.735800E+9	-1.089200E+1	31.03.2021-13:46:42
20.861	2.735800E+9	-1.089100E+1	31.03.2021-13:46:43
21.062	2.735800E+9	-1.087700E+1	31.03.2021-13:46:43
21.262	2.735800E+9	-1.087200E+1	31.03.2021-13:46:43
21.463	2.735800E+9	-1.085600E+1	31.03.2021-13:46:43
21.664	2.735800E+9	-1.089700E+1	31.03.2021-13:46:43
21.864	2.735800E+9	-1.085200E+1	31.03.2021-13:46:44
22.065	2.735800E+9	-1.087200E+1	31.03.2021-13:46:44
22.265	2.735800E+9	-1.086000E+1	31.03.2021-13:46:44
22.466	2.735800E+9	-1.089300E+1	31.03.2021-13:46:44
22.666	2.735800E+9	-1.086900E+1	31.03.2021-13:46:44
22.867	2.735800E+9	-1.086500E+1	31.03.2021-13:46:44
23.068	2.735800E+9	-1.088700E+1	31.03.2021-13:46:45
23.268	2.735800E+9	-1.088100E+1	31.03.2021-13:46:45
23.469	2.735800E+9	-1.087200E+1	31.03.2021-13:46:45
23.669	2.735800E+9	-1.088700E+1	31.03.2021-13:46:45
23.870	2.735800E+9	-1.086900E+1	31.03.2021-13:46:45
24.071	2.735800E+9	-1.087600E+1	31.03.2021-13:46:46
24.271	2.735800E+9	-1.086800E+1	31.03.2021-13:46:46
24.472	2.735800E+9	-1.089000E+1	31.03.2021-13:46:46
24.672	2.735800E+9	-1.087100E+1	31.03.2021-13:46:46
24.873	2.735800E+9	-1.086400E+1	31.03.2021-13:46:46
25.074	2.735800E+9	-1.086100E+1	31.03.2021-13:46:46
25.274	2.735800E+9	-1.086600E+1	31.03.2021-13:46:47
25.475	2.735800E+9	-1.087800E+1	31.03.2021-13:46:47
25.675	2.735800E+9	-1.085500E+1	31.03.2021-13:46:47
25.876	2.735800E+9	-1.086900E+1	31.03.2021-13:46:47
26.076	2.735800E+9	-1.087900E+1	31.03.2021-13:46:47
26.277	2.735800E+9	-1.088500E+1	31.03.2021-13:46:48
26.478	2.735800E+9	-1.087900E+1	31.03.2021-13:46:48
26.678	2.735800E+9	-1.087600E+1	31.03.2021-13:46:48
26.879	2.735800E+9	-1.084700E+1	31.03.2021-13:46:48
27.079	2.735800E+9	-1.089100E+1	31.03.2021-13:46:48
27.280	2.735800E+9	-1.086300E+1	31.03.2021-13:46:49
27.481	2.735800E+9	-1.084900E+1	31.03.2021-13:46:49
27.681	2.735800E+9	-1.087700E+1	31.03.2021-13:46:49
27.882	2.735800E+9	-1.088500E+1	31.03.2021-13:46:49
28.082	2.735800E+9	-1.090800E+1	31.03.2021-13:46:49
28.283	2.735800E+9	-1.087700E+1	31.03.2021-13:46:49
28.484	2.735800E+9	-1.087800E+1	31.03.2021-13:46:50
28.684	2.735800E+9	-1.086000E+1	31.03.2021-13:46:50
28.885	2.735800E+9	-1.085900E+1	31.03.2021-13:46:50
29.085	2.735800E+9	-1.085900E+1	31.03.2021-13:46:50
29.286	2.735800E+9	-1.088200E+1	31.03.2021-13:46:50
29.486	2.735800E+9	-1.086400E+1	31.03.2021-13:46:51
29.687	2.735800E+9	-1.089100E+1	31.03.2021-13:46:51
29.888	2.735800E+9	-1.085700E+1	31.03.2021-13:46:51
30.088	2.735800E+9	-1.088000E+1	31.03.2021-13:46:51
30.289	2.735800E+9	-1.089300E+1	31.03.2021-13:46:51
30.489	2.735800E+9	-1.088700E+1	31.03.2021-13:46:51
30.690	2.735800E+9	-1.089300E+1	31.03.2021-13:46:52
30.891	2.735800E+9	-1.087900E+1	31.03.2021-13:46:52
31.091	2.735800E+9	-1.088300E+1	31.03.2021-13:46:52
31.292	2.735800E+9	-1.086500E+1	31.03.2021-13:46:52
31.492	2.735800E+9	-1.085800E+1	31.03.2021-13:46:52
31.693	2.735800E+9	-1.088400E+1	31.03.2021-13:46:53
31.894	2.735800E+9	-1.087900E+1	31.03.2021-13:46:53
32.094	2.735800E+9	-1.088200E+1	31.03.2021-13:46:53
32.295	2.735800E+9	-1.087100E+1	31.03.2021-13:46:53
32.495	2.735800E+9	-1.086900E+1	31.03.2021-13:46:53
32.696	2.735800E+9	-1.086800E+1	31.03.2021-13:46:54
32.896	2.735800E+9	-1.086900E+1	31.03.2021-13:46:54
33.097	2.735800E+9	-1.088800E+1	31.03.2021-13:46:54
33.298	2.735800E+9	-1.087400E+1	31.03.2021-13:46:54
33.498	2.735800E+9	-1.087700E+1	31.03.2021-13:46:54
33.699	2.735800E+9	-1.086200E+1	31.03.2021-13:46:54
33.899	2.735800E+9	-1.085200E+1	31.03.2021-13:46:55
34.100	2.735800E+9	-1.086400E+1	31.03.2021-13:46:55
34.301	2.735800E+9	-1.088300E+1	31.03.2021-13:46:55
34.501	2.735800E+9	-1.085700E+1	31.03.2021-13:46:55
34.702	2.735800E+9	-1.088400E+1	31.03.2021-13:46:55
34.902	2.735800E+9	-1.086100E+1	31.03.2021-13:46:56
35.103	2.735800E+9	-1.086600E+1	31.03.2021-13:46:56
35.304	2.735800E+9	-1.086900E+1	31.03.2021-13:46:56
35.504	2.735800E+9	-1.086700E+1	31.03.2021-13:46:56
35.705	2.735800E+9	-1.087400E+1	31.03.2021-13:46:56
35.905	2.735800E+9	-1.087500E+1	31.03.2021-13:46:56
36.106	2.735800E+9	-1.089500E+1	31.03.2021-13:46:57
36.306	2.735800E+9	-1.085500E+1	31.03.2021-13:46:57
36.507	2.735800E+9	-1.088900E+1	31.03.2021-13:46:57
36.708	2.735800E+9	-1.089000E+1	31.03.2021-13:46:57
36.908	2.735800E+9	-1.088800E+1	31.03.2021-13:46:57
37.109	2.735800E+9	-1.088400E+1	31.03.2021-13:46:58
37.309	2.735800E+9	-1.089600E+1	31.03.2021-13:46:58
37.510	2.735800E+9	-1.086400E+1	31.03.2021-13:46:58
37.711	2.735800E+9	-1.086500E+1	31.03.2021-13:46:58
37.911	2.735800E+9	-1.086700E+1	31.03.2021-13:46:58
38.112	2.735800E+9	-1.088800E+1	31.03.2021-13:46:58
38.312	2.735800E+9	-1.086200E+1	31.03.2021-13:46:59
38.513	2.735800E+9	-1.088700E+1	31.03.2021-13:46:59
38.714	2.735800E+9	-1.085700E+1	31.03.2021-13:46:59
38.914	2.735800E+9	-1.086500E+1	31.03.2021-13:46:59
39.115	2.735800E+9	-1.086800E+1	31.03.2021-13:46:59
39.315	2.735800E+9	-1.088200E+1	31.03.2021-13:47:00
39.516	2.735800E+9	-1.086900E+1	31.03.2021-13:47:00
39.716	2.735800E+9	-1.089000E+1	31.03.2021-13:47:00
39.917	2.735800E+9	-1.087600E+1	31.03.2021-13:47:00
40.118	2.735800E+9	-1.086700E+1	31.03.2021-13:47:00
40.318	2.735800E+9	-1.088500E+1	31.03.2021-13:47:00
40.519	2.735800E+9	-1.087100E+1	31.03.2021-13:47:01
40.719	2.735800E+9	-1.087700E+1	31.03.2021-13:47:01
40.920	2.735800E+9	-1.087200E+1	31.03.2021-13:47:01
41.121	2.735800E+9	-1.087900E+1	31.03.2021-13:47:01
41.321	2.735800E+9	-1.085300E+1	31.03.2021-13:47:01
41.522	2.735800E+9	-1.088800E+1	31.03.2021-13:47:02
41.722	2.735800E+9	-1.088500E+1	31.03.2021-13:47:02
41.923	2.735800E+9	-1.086200E+1	31.03.2021-13:47:02
42.124	2.735800E+9	-1.086400E+1	31.03.2021-13:47:02
42.324	2.735800E+9	-1.087800E+1	31.03.2021-13:47:02
42.525	2.735800E+9	-1.089200E+1	31.03.2021-13:47:02
42.725	2.735800E+9	-1.086000E+1	31.03.2021-13:47:03
42.926	2.735800E+9	-1.086100E+1	31.03.2021-13:47:03
43.126	2.735800E+9	-1.086800E+1	31.03.2021-13:47:03
43.327	2.735800E+9	-1.086000E+1	31.03.2021-13:47:03
43.528	2.735800E+9	-1.088700E+1	31.03.2021-13:47:03
43.728	2.735800E+9	-1.088700E+1	31.03.2021-13:47:04
43.929	2.735800E+9	-1.087100E+1	31.03.2021-13:47:04
44.129	2.735800E+9	-1.087500E+1	31.03.2021-13:47:04
44.330	2.735800E+9	-1.086500E+1	31.03.2021-13:47:04
44.531	2.735800E+9	-1.087200E+1	31.03.2021-13:47:04
44.731	2.735800E+9	-1.089200E+1	31.03.2021-13:47:05
44.932	2.735800E+9	-1.086400E+1	31.03.2021-13:47:05
45.132	2.735800E+9	-1.086500E+1	31.03.2021-13:47:05
45.333	2.735800E+9	-1.087400E+1	31.03.2021-13:47:05
45.534	2.735800E+9	-1.087600E+1	31.03.2021-13:47:05
45.734	2.735800E+9	-1.087800E+1	31.03.2021-13:47:05
45.935	2.735800E+9	-1.086700E+1	31.03.2021-13:47:06
46.135	2.735800E+9	-1.088600E+1	31.03.2021-13:47:06
46.336	2.735800E+9	-1.089000E+1	31.03.2021-13:47:06
46.536	2.735800E+9	-1.087600E+1	31.03.2021-13:47:06
46.737	2.735800E+9	-1.086700E+1	31.03.2021-13:47:06
46.938	2.735800E+9	-1.087400E+1	31.03.2021-13:47:07
47.138	2.735800E+9	-1.087200E+1	31.03.2021-13:47:07
47.339	2.735800E+9	-1.087900E+1	31.03.2021-13:47:07
47.539	2.735800E+9	-1.088200E+1	31.03.2021-13:47:07
47.740	2.735800E+9	-1.088400E+1	31.03.2021-13:47:07
47.941	2.735800E+9	-1.088700E+1	31.03.2021-13:47:07
48.141	2.735800E+9	-1.087700E+1	31.03.2021-13:47:08
48.342	2.735800E+9	-1.088500E+1	31.03.2021-13:47:08
48.542	2.735800E+9	-1.086800E+1	31.03.2021-13:47:08
48.743	2.735800E+9	-1.090100E+1	31.03.2021-13:47:08
48.944	2.735800E+9	-1.087300E+1	31.03.2021-13:47:08
49.144	2.735800E+9	-1.088400E+1	31.03.2021-13:47:09
49.345	2.735800E+9	-1.088000E+1	31.03.2021-13:47:09
49.545	2.735800E+9	-1.087400E+1	31.03.2021-13:47:09
49.746	2.735800E+9	-1.088500E+1	31.03.2021-13:47:09
49.946	2.735800E+9	-1.087000E+1	31.03.2021-13:47:09
50.147	2.735800E+9	-1.087000E+1	31.03.2021-13:47:09
50.348	2.735800E+9	-1.087600E+1	31.03.2021-13:47:10
50.548	2.735800E+9	-1.088800E+1	31.03.2021-13:47:10
50.749	2.735800E+9	-1.086600E+1	31.03.2021-13:47:10
50.949	2.735800E+9	-1.085600E+1	31.03.2021-13:47:10
51.150	2.735800E+9	-1.085300E+1	31.03.2021-13:47:10
51.351	2.735800E+9	-1.083000E+1	31.03.2021-13:47:11
51.551	2.735800E+9	-1.083500E+1	31.03.2021-13:47:11
51.752	2.735750E+9	-1.082400E+1	31.03.2021-13:47:11
51.952	2.735750E+9	-1.084900E+1	31.03.2021-13:47:11
52.153	2.735750E+9	-1.086900E+1	31.03.2021-13:47:11
52.354	2.735750E+9	-1.089300E+1	31.03.2021-13:47:12
52.554	2.735750E+9	-1.089700E+1	31.03.2021-13:47:12
52.755	2.735750E+9	-1.085400E+1	31.03.2021-13:47:12
52.955	2.735750E+9	-1.087300E+1	31.03.2021-13:47:12
53.156	2.735750E+9	-1.084200E+1	31.03.2021-13:47:12
53.356	2.735700E+9	-1.085200E+1	31.03.2021-13:47:12
53.557	2.735700E+9	-1.091300E+1	31.03.2021-13:47:13
53.758	2.735700E+9	-1.086400E+1	31.03.2021-13:47:13
53.958	2.735700E+9	-1.088600E+1	31.03.2021-13:47:13
54.159	2.735650E+9	-1.086700E+1	31.03.2021-13:47:13
54.359	2.735650E+9	-1.090900E+1	31.03.2021-13:47:13
54.560	2.735650E+9	-1.091600E+1	31.03.2021-13:47:14
54.761	2.735650E+9	-1.089000E+1	31.03.2021-13:47:14
54.961	2.735600E+9	-1.085100E+1	31.03.2021-13:47:14
55.162	2.735600E+9	-1.091000E+1	31.03.2021-13:47:14
55.362	2.735600E+9	-1.088500E+1	31.03.2021-13:47:14
55.563	2.735550E+9	-1.088000E+1	31.03.2021-13:47:14
55.764	2.735550E+9	-1.089800E+1	31.03.2021-13:47:15
55.964	2.735550E+9	-1.087500E+1	31.03.2021-13:47:15
56.165	2.735500E+9	-1.087400E+1	31.03.2021-13:47:15
56.365	2.735500E+9	-1.090700E+1	31.03.2021-13:47:15
56.566	2.735500E+9	-1.091800E+1	31.03.2021-13:47:15
56.766	2.735500E+9	-1.085500E+1	31.03.2021-13:47:16
56.967	2.735450E+9	-1.092900E+1	31.03.2021-13:47:16
57.168	2.735450E+9	-1.090100E+1	31.03.2021-13:47:16
57.368	2.735400E+9	-1.087800E+1	31.03.2021-13:47:16
57.569	2.735400E+9	-1.094400E+1	31.03.2021-13:47:16
57.769	2.735400E+9	-1.090300E+1	31.03.2021-13:47:16
57.970	2.735400E+9	-1.087200E+1	31.03.2021-13:47:17
58.171	2.735350E+9	-1.092600E+1	31.03.2021-13:47:17
58.371	2.735350E+9	-1.093200E+1	31.03.2021-13:47:17
58.572	2.735350E+9	-1.092000E+1	31.03.2021-13:47:17
58.772	2.735300E+9	-1.089400E+1	31.03.2021-13:47:17
58.973	2.735300E+9	-1.094200E+1	31.03.2021-13:47:18
59.174	2.735300E+9	-1.093800E+1	31.03.2021-13:47:18
59.374	2.735300E+9	-1.087300E+1	31.03.2021-13:47:18
59.575	2.735250E+9	-1.088900E+1	31.03.2021-13:47:18
59.775	2.735250E+9	-1.094000E+1	31.03.2021-13:47:18
59.976	2.735250E+9	-1.095000E+1	31.03.2021-13:47:18
60.176	2.735250E+9	-1.093400E+1	31.03.2021-13:47:19
60.377	2.735250E+9	-1.086800E+1	31.03.2021-13:47:19
60.578	2.735200E+9	-1.092900E+1	31.03.2021-13:47:19
60.778	2.735200E+9	-1.094900E+1	31.03.2021-13:47:19
60.979	2.735200E+9	-1.096500E+1	31.03.2021-13:47:19
61.179	2.735200E+9	-1.095600E+1	31.03.2021-13:47:20
61.380	2.735200E+9	-1.092600E+1	31.03.2021-13:47:20
61.581	2.735200E+9	-1.092900E+1	31.03.2021-13:47:20
61.781	2.735150E+9	-1.090900E+1	31.03.2021-13:47:20
61.982	2.735150E+9	-1.092300E+1	31.03.2021-13:47:20
62.182	2.735150E+9	-1.094900E+1	31.03.2021-13:47:21
62.383	2.735150E+9	-1.094900E+1	31.03.2021-13:47:21
62.584	2.735150E+9	-1.096800E+1	31.03.2021-13:47:21
62.784	2.735150E+9	-1.093100E+1	31.03.2021-13:47:21
62.985	2.735150E+9	-1.094000E+1	31.03.2021-13:47:21
63.185	2.735150E+9	-1.095400E+1	31.03.2021-13:47:21
63.386	2.735150E+9	-1.090800E+1	31.03.2021-13:47:22
63.586	2.735100E+9	-1.089600E+1	31.03.2021-13:47:22
63.787	2.735100E+9	-1.092000E+1	31.03.2021-13:47:22
63.988	2.735100E+9	-1.092200E+1	31.03.2021-13:47:22
64.188	2.735100E+9	-1.095400E+1	31.03.2021-13:47:22
64.389	2.735100E+9	-1.093500E+1	31.03.2021-13:47:23
64.589	2.735100E+9	-1.095100E+1	31.03.2021-13:47:23
64.790	2.735100E+9	-1.097800E+1	31.03.2021-13:47:23
64.991	2.735100E+9	-1.095800E+1	31.03.2021-13:47:23
65.191	2.735100E+9	-1.095800E+1	31.03.2021-13:47:23
65.392	2.735100E+9	-1.095200E+1	31.03.2021-13:47:23
65.592	2.735100E+9	-1.094600E+1	31.03.2021-13:47:24
65.793	2.735100E+9	-1.095800E+1	31.03.2021-13:47:24
65.994	2.735100E+9	-1.093800E+1	31.03.2021-13:47:24
66.194	2.735100E+9	-1.091600E+1	31.03.2021-13:47:24
66.395	2.735100E+9	-1.092600E+1	31.03.2021-13:47:24
66.595	2.735100E+9	-1.091800E+1	31.03.2021-13:47:25
66.796	2.735100E+9	-1.094300E+1	31.03.2021-13:47:25
66.996	2.735100E+9	-1.089600E+1	31.03.2021-13:47:25
67.197	2.735100E+9	-1.088700E+1	31.03.2021-13:47:25
67.398	2.735050E+9	-1.089000E+1	31.03.2021-13:47:25
67.598	2.735050E+9	-1.089800E+1	31.03.2021-13:47:25
67.799	2.735050E+9	-1.089100E+1	31.03.2021-13:47:26
67.999	2.735050E+9	-1.087900E+1	31.03.2021-13:47:26
68.200	2.735050E+9	-1.090100E+1	31.03.2021-13:47:26
68.401	2.735050E+9	-1.089200E+1	31.03.2021-13:47:26
68.601	2.735050E+9	-1.091900E+1	31.03.2021-13:47:26
68.802	2.735050E+9	-1.094800E+1	31.03.2021-13:47:27
69.002	2.735050E+9	-1.092600E+1	31.03.2021-13:47:27
69.203	2.735050E+9	-1.094300E+1	31.03.2021-13:47:27
69.404	2.735050E+9	-1.093800E+1	31.03.2021-13:47:27
69.604	2.735050E+9	-1.093200E+1	31.03.2021-13:47:27
69.805	2.735050E+9	-1.094300E+1	31.03.2021-13:47:28
70.005	2.735050E+9	-1.093100E+1	31.03.2021-13:47:28
70.206	2.735050E+9	-1.096000E+1	31.03.2021-13:47:28
70.406	2.735050E+9	-1.096300E+1	31.03.2021-13:47:28
70.607	2.735050E+9	-1.095200E+1	31.03.2021-13:47:28
70.808	2.735050E+9	-1.095300E+1	31.03.2021-13:47:28
71.008	2.735050E+9	-1.095400E+1	31.03.2021-13:47:29
71.209	2.735050E+9	-1.094400E+1	31.03.2021-13:47:29
71.409	2.735050E+9	-1.094500E+1	31.03.2021-13:47:29
71.610	2.735050E+9	-1.096000E+1	31.03.2021-13:47:29
71.811	2.735050E+9	-1.096300E+1	31.03.2021-13:47:29
72.011	2.735050E+9	-1.097000E+1	31.03.2021-13:47:30
72.212	2.735050E+9	-1.097100E+1	31.03.2021-13:47:30
72.412	2.735050E+9	-1.098000E+1	31.03.2021-13:47:30
72.613	2.735050E+9	-1.096100E+1	31.03.2021-13:47:30
72.814	2.735050E+9	-1.096600E+1	31.03.2021-13:47:30
73.014	2.735050E+9	-1.095400E+1	31.03.2021-13:47:30
73.215	2.735050E+9	-1.093900E+1	31.03.2021-13:47:31
73.415	2.735050E+9	-1.094900E+1	31.03.2021-13:47:31
73.616	2.735050E+9	-1.095200E+1	31.03.2021-13:47:31
73.816	2.735050E+9	-1.094100E+1	31.03.2021-13:47:31
74.017	2.735050E+9	-1.096200E+1	31.03.2021-13:47:31
74.218	2.735050E+9	-1.094200E+1	31.03.2021-13:47:32
74.418	2.735050E+9	-1.094500E+1	31.03.2021-13:47:32
74.619	2.735050E+9	-1.094500E+1	31.03.2021-13:47:32
74.819	2.735050E+9	-1.096400E+1	31.03.2021-13:47:32
75.020	2.735050E+9	-1.096900E+1	31.03.2021-13:47:32
75.221	2.735050E+9	-1.095000E+1	31.03.2021-13:47:32
75.421	2.735050E+9	-1.096300E+1	31.03.2021-13:47:33
75.622	2.735050E+9	-1.094500E+1	31.03.2021-13:47:33
75.822	2.735050E+9	-1.094500E+1	31.03.2021-13:47:33
76.023	2.735050E+9	-1.092900E+1	31.03.2021-13:47:33
76.224	2.735050E+9	-1.095000E+1	31.03.2021-13:47:33
76.424	2.735050E+9	-1.094000E+1	31.03.2021-13:47:34
76.625	2.735050E+9	-1.095200E+1	31.03.2021-13:47:34
76.825	2.735050E+9	-1.095100E+1	31.03.2021-13:47:34
77.026	2.735050E+9	-1.094300E+1	31.03.2021-13:47:34
77.226	2.735050E+9	-1.093400E+1	31.03.2021-13:47:34
77.427	2.735050E+9	-1.092600E+1	31.03.2021-13:47:34
77.628	2.735050E+9	-1.094600E+1	31.03.2021-13:47:35
77.828	2.735050E+9	-1.095300E+1	31.03.2021-13:47:35
78.029	2.735050E+9	-1.093600E+1	31.03.2021-13:47:35
78.229	2.735050E+9	-1.096700E+1	31.03.2021-13:47:35
78.430	2.735050E+9	-1.096100E+1	31.03.2021-13:47:35
78.631	2.735050E+9	-1.093400E+1	31.03.2021-13:47:36
78.831	2.735050E+9	-1.092800E+1	31.03.2021-13:47:36
79.032	2.735050E+9	-1.095200E+1	31.03.2021-13:47:36
79.232	2.735050E+9	-1.094200E+1	31.03.2021-13:47:36
79.433	2.735050E+9	-1.094900E+1	31.03.2021-13:47:36
79.634	2.735050E+9	-1.093800E+1	31.03.2021-13:47:36
79.834	2.735050E+9	-1.095000E+1	31.03.2021-13:47:37
80.035	2.735050E+9	-1.093300E+1	31.03.2021-13:47:37
80.235	2.735050E+9	-1.092700E+1	31.03.2021-13:47:37
80.436	2.735050E+9	-1.093200E+1	31.03.2021-13:47:37
80.636	2.735050E+9	-1.094200E+1	31.03.2021-13:47:37
80.837	2.735050E+9	-1.092900E+1	31.03.2021-13:47:38
81.038	2.735050E+9	-1.092300E+1	31.03.2021-13:47:38
81.238	2.735050E+9	-1.091500E+1	31.03.2021-13:47:38
81.439	2.735050E+9	-1.092400E+1	31.03.2021-13:47:38
81.639	2.735050E+9	-1.089700E+1	31.03.2021-13:47:38
81.840	2.735050E+9	-1.090400E+1	31.03.2021-13:47:38
82.041	2.735050E+9	-1.091000E+1	31.03.2021-13:47:39
82.241	2.735050E+9	-1.089800E+1	31.03.2021-13:47:39
82.442	2.735050E+9	-1.087700E+1	31.03.2021-13:47:39
82.642	2.735050E+9	-1.087500E+1	31.03.2021-13:47:39
82.843	2.735050E+9	-1.085900E+1	31.03.2021-13:47:39
83.044	2.735050E+9	-1.085900E+1	31.03.2021-13:47:40
83.244	2.735100E+9	-1.085800E+1	31.03.2021-13:47:40
83.445	2.735100E+9	-1.087400E+1	31.03.2021-13:47:40
83.645	2.735100E+9	-1.088700E+1	31.03.2021-13:47:40
83.846	2.735100E+9	-1.087900E+1	31.03.2021-13:47:40
84.046	2.735100E+9	-1.089100E+1	31.03.2021-13:47:41
84.247	2.735100E+9	-1.089300E+1	31.03.2021-13:47:41
84.448	2.735100E+9	-1.091000E+1	31.03.2021-13:47:41
84.648	2.735100E+9	-1.091000E+1	31.03.2021-13:47:41
84.849	2.735100E+9	-1.092300E+1	31.03.2021-13:47:41
85.049	2.735100E+9	-1.091000E+1	31.03.2021-13:47:41
85.250	2.735100E+9	-1.092800E+1	31.03.2021-13:47:42
85.451	2.735100E+9	-1.091800E+1	31.03.2021-13:47:42
85.651	2.735100E+9	-1.091100E+1	31.03.2021-13:47:42
85.852	2.735100E+9	-1.091100E+1	31.03.2021-13:47:42
86.052	2.735100E+9	-1.092300E+1	31.03.2021-13:47:42
86.253	2.735100E+9	-1.092500E+1	31.03.2021-13:47:43
86.454	2.735100E+9	-1.093300E+1	31.03.2021-13:47:43
86.654	2.735100E+9	-1.092900E+1	31.03.2021-13:47:43
86.855	2.735100E+9	-1.094100E+1	31.03.2021-13:47:43
87.055	2.735100E+9	-1.092500E+1	31.03.2021-13:47:43
87.256	2.735100E+9	-1.092000E+1	31.03.2021-13:47:43
87.456	2.735100E+9	-1.092000E+1	31.03.2021-13:47:44
87.657	2.735100E+9	-1.091700E+1	31.03.2021-13:47:44
87.858	2.735100E+9	-1.090400E+1	31.03.2021-13:47:44
88.058	2.735100E+9	-1.091600E+1	31.03.2021-13:47:44
88.259	2.735100E+9	-1.091000E+1	31.03.2021-13:47:44
88.459	2.735100E+9	-1.091600E+1	31.03.2021-13:47:45
88.660	2.735100E+9	-1.092000E+1	31.03.2021-13:47:45
88.861	2.735100E+9	-1.090200E+1	31.03.2021-13:47:45
89.061	2.735100E+9	-1.091700E+1	31.03.2021-13:47:45
89.262	2.735100E+9	-1.090800E+1	31.03.2021-13:47:45
89.462	2.735100E+9	-1.090800E+1	31.03.2021-13:47:46
89.663	2.735100E+9	-1.089000E+1	31.03.2021-13:47:46
89.864	2.735100E+9	-1.087800E+1	31.03.2021-13:47:46
90.064	2.735100E+9	-1.089000E+1	31.03.2021-13:47:46
90.265	2.735100E+9	-1.087100E+1	31.03.2021-13:47:46
90.465	2.735100E+9	-1.087400E+1	31.03.2021-13:47:46
90.666	2.735100E+9	-1.086700E+1	31.03.2021-13:47:47
90.866	2.735100E+9	-1.083800E+1	31.03.2021-13:47:47
91.067	2.735100E+9	-1.084200E+1	31.03.2021-13:47:47
91.268	2.735050E+9	-1.084600E+1	31.03.2021-13:47:47
91.468	2.735050E+9	-1.086600E+1	31.03.2021-13:47:47
91.669	2.735050E+9	-1.085900E+1	31.03.2021-13:47:48
91.869	2.735050E+9	-1.085900E+1	31.03.2021-13:47:48
92.070	2.735050E+9	-1.089500E+1	31.03.2021-13:47:48
92.271	2.735050E+9	-1.086600E+1	31.03.2021-13:47:48
92.471	2.735050E+9	-1.089000E+1	31.03.2021-13:47:48
92.672	2.735050E+9	-1.088200E+1	31.03.2021-13:47:49
92.872	2.735050E+9	-1.090900E+1	31.03.2021-13:47:49
93.073	2.735050E+9	-1.087400E+1	31.03.2021-13:47:49
93.274	2.735050E+9	-1.089800E+1	31.03.2021-13:47:49
93.474	2.735050E+9	-1.091400E+1	31.03.2021-13:47:49
93.675	2.735050E+9	-1.091100E+1	31.03.2021-13:47:49
93.875	2.735050E+9	-1.089000E+1	31.03.2021-13:47:50
94.076	2.735050E+9	-1.091600E+1	31.03.2021-13:47:50
94.276	2.735050E+9	-1.090700E+1	31.03.2021-13:47:50
94.477	2.735050E+9	-1.088300E+1	31.03.2021-13:47:50
94.678	2.735050E+9	-1.087000E+1	31.03.2021-13:47:50
94.878	2.735050E+9	-1.090200E+1	31.03.2021-13:47:51
95.079	2.735050E+9	-1.092200E+1	31.03.2021-13:47:51
95.279	2.735050E+9	-1.090800E+1	31.03.2021-13:47:51
95.480	2.735050E+9	-1.089000E+1	31.03.2021-13:47:51
95.681	2.735050E+9	-1.089300E+1	31.03.2021-13:47:51
95.881	2.735050E+9	-1.092100E+1	31.03.2021-13:47:51
96.082	2.735050E+9	-1.089900E+1	31.03.2021-13:47:52
96.282	2.735050E+9	-1.089400E+1	31.03.2021-13:47:52
96.483	2.735050E+9	-1.091200E+1	31.03.2021-13:47:52
96.684	2.735050E+9	-1.088200E+1	31.03.2021-13:47:52
96.884	2.735050E+9	-1.090500E+1	31.03.2021-13:47:52
97.085	2.735050E+9	-1.091000E+1	31.03.2021-13:47:53
97.285	2.735050E+9	-1.088200E+1	31.03.2021-13:47:53
97.486	2.735050E+9	-1.090700E+1	31.03.2021-13:47:53
97.686	2.735050E+9	-1.088700E+1	31.03.2021-13:47:53
97.887	2.735050E+9	-1.093100E+1	31.03.2021-13:47:53
98.088	2.735050E+9	-1.090400E+1	31.03.2021-13:47:53
98.288	2.735050E+9	-1.090900E+1	31.03.2021-13:47:54
98.489	2.735050E+9	-1.089600E+1	31.03.2021-13:47:54
98.689	2.735050E+9	-1.088700E+1	31.03.2021-13:47:54
98.890	2.735050E+9	-1.091300E+1	31.03.2021-13:47:54
99.091	2.735050E+9	-1.092000E+1	31.03.2021-13:47:54
99.291	2.735050E+9	-1.088300E+1	31.03.2021-13:47:55
99.492	2.735050E+9	-1.092000E+1	31.03.2021-13:47:55
99.692	2.735050E+9	-1.089900E+1	31.03.2021-13:47:55
99.893	2.735050E+9	-1.090600E+1	31.03.2021-13:47:55
100.094	2.735050E+9	-1.088600E+1	31.03.2021-13:47:55
100.294	2.735050E+9	-1.091300E+1	31.03.2021-13:47:55
100.495	2.735050E+9	-1.090200E+1	31.03.2021-13:47:56
100.695	2.735050E+9	-1.087900E+1	31.03.2021-13:47:56
100.896	2.735050E+9	-1.088400E+1	31.03.2021-13:47:56
101.096	2.735050E+9	-1.090000E+1	31.03.2021-13:47:56
101.297	2.735050E+9	-1.090000E+1	31.03.2021-13:47:56
101.498	2.735050E+9	-1.090600E+1	31.03.2021-13:47:57
101.698	2.735050E+9	-1.089200E+1	31.03.2021-13:47:57
101.899	2.735050E+9	-1.092200E+1	31.03.2021-13:47:57
102.099	2.735050E+9	-1.089300E+1	31.03.2021-13:47:57
102.300	2.735050E+9	-1.087500E+1	31.03.2021-13:47:57
102.501	2.735050E+9	-1.086500E+1	31.03.2021-13:47:57
102.701	2.735050E+9	-1.089800E+1	31.03.2021-13:47:58
102.902	2.735050E+9	-1.089800E+1	31.03.2021-13:47:58
103.102	2.735050E+9	-1.090000E+1	31.03.2021-13:47:58
103.303	2.735050E+9	-1.086800E+1	31.03.2021-13:47:58
103.504	2.735050E+9	-1.089500E+1	31.03.2021-13:47:58
103.704	2.735050E+9	-1.088900E+1	31.03.2021-13:47:59
103.905	2.735050E+9	-1.088200E+1	31.03.2021-13:47:59
104.105	2.735050E+9	-1.089500E+1	31.03.2021-13:47:59
104.306	2.735050E+9	-1.089400E+1	31.03.2021-13:47:59
104.506	2.735050E+9	-1.086700E+1	31.03.2021-13:47:59
104.707	2.735050E+9	-1.087300E+1	31.03.2021-13:48:00
104.908	2.735050E+9	-1.088600E+1	31.03.2021-13:48:00
105.108	2.735050E+9	-1.089800E+1	31.03.2021-13:48:00
105.309	2.735050E+9	-1.088600E+1	31.03.2021-13:48:00
105.509	2.735050E+9	-1.087900E+1	31.03.2021-13:48:00
105.710	2.735050E+9	-1.086400E+1	31.03.2021-13:48:00
105.911	2.735050E+9	-1.085900E+1	31.03.2021-13:48:01
106.111	2.735050E+9	-1.083600E+1	31.03.2021-13:48:01
106.312	2.735050E+9	-1.083900E+1	31.03.2021-13:48:01
106.512	2.735050E+9	-1.084900E+1	31.03.2021-13:48:01
106.713	2.735050E+9	-1.083100E+1	31.03.2021-13:48:01
106.914	2.735050E+9	-1.084100E+1	31.03.2021-13:48:02
107.114	2.735050E+9	-1.081900E+1	31.03.2021-13:48:02
107.315	2.735050E+9	-1.081900E+1	31.03.2021-13:48:02
107.515	2.735050E+9	-1.084100E+1	31.03.2021-13:48:02
107.716	2.735100E+9	-1.086000E+1	31.03.2021-13:48:02
107.916	2.735100E+9	-1.082200E+1	31.03.2021-13:48:02
108.117	2.735100E+9	-1.085300E+1	31.03.2021-13:48:03
108.318	2.735100E+9	-1.085800E+1	31.03.2021-13:48:03
108.518	2.735100E+9	-1.085700E+1	31.03.2021-13:48:03
108.719	2.735100E+9	-1.089900E+1	31.03.2021-13:48:03
108.919	2.735100E+9	-1.087600E+1	31.03.2021-13:48:03
109.120	2.735100E+9	-1.089100E+1	31.03.2021-13:48:04
109.321	2.735100E+9	-1.089200E+1	31.03.2021-13:48:04
109.521	2.735100E+9	-1.089200E+1	31.03.2021-13:48:04
109.722	2.735100E+9	-1.088800E+1	31.03.2021-13:48:04
109.922	2.735100E+9	-1.089500E+1	31.03.2021-13:48:04
110.123	2.735100E+9	-1.088000E+1	31.03.2021-13:48:04
110.324	2.735100E+9	-1.087300E+1	31.03.2021-13:48:05
110.524	2.735100E+9	-1.088700E+1	31.03.2021-13:48:05
110.725	2.735100E+9	-1.087800E+1	31.03.2021-13:48:05
110.925	2.735100E+9	-1.083900E+1	31.03.2021-13:48:05
111.126	2.735100E+9	-1.083100E+1	31.03.2021-13:48:05
111.326	2.735150E+9	-1.083400E+1	31.03.2021-13:48:06
111.527	2.735150E+9	-1.083700E+1	31.03.2021-13:48:06
111.728	2.735150E+9	-1.087600E+1	31.03.2021-13:48:06
111.928	2.735150E+9	-1.086800E+1	31.03.2021-13:48:06
112.129	2.735150E+9	-1.089000E+1	31.03.2021-13:48:06
112.329	2.735150E+9	-1.089300E+1	31.03.2021-13:48:07
112.530	2.735150E+9	-1.090200E+1	31.03.2021-13:48:07
112.731	2.735150E+9	-1.086000E+1	31.03.2021-13:48:07
112.931	2.735150E+9	-1.085400E+1	31.03.2021-13:48:07
113.132	2.735200E+9	-1.081800E+1	31.03.2021-13:48:07
113.332	2.735200E+9	-1.083500E+1	31.03.2021-13:48:07
113.533	2.735200E+9	-1.086800E+1	31.03.2021-13:48:08
113.734	2.735200E+9	-1.089400E+1	31.03.2021-13:48:08
113.934	2.735200E+9	-1.088500E+1	31.03.2021-13:48:08
114.135	2.735200E+9	-1.086500E+1	31.03.2021-13:48:08
114.335	2.735250E+9	-1.081700E+1	31.03.2021-13:48:08
114.536	2.735250E+9	-1.086800E+1	31.03.2021-13:48:09
114.736	2.735250E+9	-1.089800E+1	31.03.2021-13:48:09
114.937	2.735250E+9	-1.087800E+1	31.03.2021-13:48:09
115.138	2.735250E+9	-1.084100E+1	31.03.2021-13:48:09
115.338	2.735300E+9	-1.086700E+1	31.03.2021-13:48:09
115.539	2.735300E+9	-1.089000E+1	31.03.2021-13:48:09
115.739	2.735300E+9	-1.085700E+1	31.03.2021-13:48:10
115.940	2.735300E+9	-1.087300E+1	31.03.2021-13:48:10
116.141	2.735350E+9	-1.084400E+1	31.03.2021-13:48:10
116.341	2.735350E+9	-1.087300E+1	31.03.2021-13:48:10
116.542	2.735350E+9	-1.086200E+1	31.03.2021-13:48:10
116.742	2.735400E+9	-1.083000E+1	31.03.2021-13:48:11
116.943	2.735400E+9	-1.083400E+1	31.03.2021-13:48:11
117.144	2.735400E+9	-1.088800E+1	31.03.2021-13:48:11
117.344	2.735450E+9	-1.084600E+1	31.03.2021-13:48:11
117.545	2.735450E+9	-1.087900E+1	31.03.2021-13:48:11
117.745	2.735450E+9	-1.088200E+1	31.03.2021-13:48:12
117.946	2.735500E+9	-1.080100E+1	31.03.2021-13:48:12
118.146	2.735500E+9	-1.090600E+1	31.03.2021-13:48:12
118.347	2.735500E+9	-1.084000E+1	31.03.2021-13:48:12
118.548	2.735550E+9	-1.086700E+1	31.03.2021-13:48:12
118.748	2.735550E+9	-1.088400E+1	31.03.2021-13:48:12
118.949	2.735550E+9	-1.082900E+1	31.03.2021-13:48:13
119.149	2.735550E+9	-1.082000E+1	31.03.2021-13:48:13
119.350	2.735600E+9	-1.087800E+1	31.03.2021-13:48:13
119.551	2.735600E+9	-1.088200E+1	31.03.2021-13:48:13
119.751	2.735600E+9	-1.083100E+1	31.03.2021-13:48:13
119.952	2.735650E+9	-1.088000E+1	31.03.2021-13:48:14
120.152	2.735650E+9	-1.089400E+1	31.03.2021-13:48:14
120.353	2.735650E+9	-1.084100E+1	31.03.2021-13:48:14
120.554	2.735700E+9	-1.083400E+1	31.03.2021-13:48:14
120.754	2.735700E+9	-1.087600E+1	31.03.2021-13:48:14
120.955	2.735700E+9	-1.089200E+1	31.03.2021-13:48:14
121.155	2.735700E+9	-1.085000E+1	31.03.2021-13:48:15
121.356	2.735700E+9	-1.086900E+1	31.03.2021-13:48:15
121.556	2.735750E+9	-1.086500E+1	31.03.2021-13:48:15
121.757	2.735750E+9	-1.089100E+1	31.03.2021-13:48:15
121.958	2.735750E+9	-1.089200E+1	31.03.2021-13:48:15
122.158	2.735750E+9	-1.087900E+1	31.03.2021-13:48:16
122.359	2.735750E+9	-1.088600E+1	31.03.2021-13:48:16
122.559	2.735750E+9	-1.085000E+1	31.03.2021-13:48:16
122.760	2.735750E+9	-1.085900E+1	31.03.2021-13:48:16
122.961	2.735750E+9	-1.084100E+1	31.03.2021-13:48:16
123.161	2.735800E+9	-1.083700E+1	31.03.2021-13:48:17
123.362	2.735800E+9	-1.083900E+1	31.03.2021-13:48:17
123.562	2.735800E+9	-1.086700E+1	31.03.2021-13:48:17
123.763	2.735800E+9	-1.085300E+1	31.03.2021-13:48:17
123.964	2.735800E+9	-1.087500E+1	31.03.2021-13:48:17
124.164	2.735800E+9	-1.087200E+1	31.03.2021-13:48:17
124.365	2.735800E+9	-1.086600E+1	31.03.2021-13:48:18
124.565	2.735800E+9	-1.086800E+1	31.03.2021-13:48:18
124.766	2.735800E+9	-1.088500E+1	31.03.2021-13:48:18
124.966	2.735800E+9	-1.088900E+1	31.03.2021-13:48:18
125.167	2.735800E+9	-1.089800E+1	31.03.2021-13:48:18
125.368	2.735800E+9	-1.087000E+1	31.03.2021-13:48:19
125.568	2.735800E+9	-1.087300E+1	31.03.2021-13:48:19
125.769	2.735800E+9	-1.087800E+1	31.03.2021-13:48:19
125.969	2.735800E+9	-1.090500E+1	31.03.2021-13:48:19
126.170	2.735800E+9	-1.087600E+1	31.03.2021-13:48:19
126.371	2.735800E+9	-1.088600E+1	31.03.2021-13:48:19
126.571	2.735800E+9	-1.088100E+1	31.03.2021-13:48:20
126.772	2.735800E+9	-1.089700E+1	31.03.2021-13:48:20
126.972	2.735800E+9	-1.089200E+1	31.03.2021-13:48:20
127.173	2.735800E+9	-1.087800E+1	31.03.2021-13:48:20
127.374	2.735800E+9	-1.087800E+1	31.03.2021-13:48:20
127.574	2.735800E+9	-1.089200E+1	31.03.2021-13:48:21
127.775	2.735800E+9	-1.087400E+1	31.03.2021-13:48:21
127.975	2.735800E+9	-1.087500E+1	31.03.2021-13:48:21
128.176	2.735800E+9	-1.086800E+1	31.03.2021-13:48:21
128.376	2.735800E+9	-1.089400E+1	31.03.2021-13:48:21
128.577	2.735800E+9	-1.088300E+1	31.03.2021-13:48:21
128.778	2.735800E+9	-1.087600E+1	31.03.2021-13:48:22
128.978	2.735800E+9	-1.086700E+1	31.03.2021-13:48:22
129.179	2.735800E+9	-1.087500E+1	31.03.2021-13:48:22
129.379	2.735800E+9	-1.088400E+1	31.03.2021-13:48:22
129.580	2.735800E+9	-1.088600E+1	31.03.2021-13:48:22
129.781	2.735800E+9	-1.087300E+1	31.03.2021-13:48:23
129.981	2.735800E+9	-1.088800E+1	31.03.2021-13:48:23
130.182	2.735800E+9	-1.089900E+1	31.03.2021-13:48:23
130.382	2.735800E+9	-1.087800E+1	31.03.2021-13:48:23
130.583	2.735800E+9	-1.087100E+1	31.03.2021-13:48:23
130.784	2.735800E+9	-1.087700E+1	31.03.2021-13:48:23
130.984	2.735800E+9	-1.087500E+1	31.03.2021-13:48:24
131.185	2.735800E+9	-1.086900E+1	31.03.2021-13:48:24
131.385	2.735800E+9	-1.087700E+1	31.03.2021-13:48:24
131.586	2.735800E+9	-1.087600E+1	31.03.2021-13:48:24
131.786	2.735800E+9	-1.088100E+1	31.03.2021-13:48:24
131.987	2.735800E+9	-1.088100E+1	31.03.2021-13:48:25
132.188	2.735800E+9	-1.087800E+1	31.03.2021-13:48:25
132.388	2.735800E+9	-1.089000E+1	31.03.2021-13:48:25
132.589	2.735800E+9	-1.086100E+1	31.03.2021-13:48:25
132.789	2.735800E+9	-1.087600E+1	31.03.2021-13:48:25
132.990	2.735800E+9	-1.088400E+1	31.03.2021-13:48:26
133.191	2.735800E+9	-1.085600E+1	31.03.2021-13:48:26
133.391	2.735800E+9	-1.085700E+1	31.03.2021-13:48:26
133.592	2.735800E+9	-1.086400E+1	31.03.2021-13:48:26
133.792	2.735800E+9	-1.088100E+1	31.03.2021-13:48:26
133.993	2.735800E+9	-1.087300E+1	31.03.2021-13:48:26
134.194	2.735800E+9	-1.087900E+1	31.03.2021-13:48:27
134.394	2.735800E+9	-1.087200E+1	31.03.2021-13:48:27
134.595	2.735800E+9	-1.086600E+1	31.03.2021-13:48:27
134.795	2.735800E+9	-1.087300E+1	31.03.2021-13:48:27
134.996	2.735800E+9	-1.087400E+1	31.03.2021-13:48:27
135.196	2.735800E+9	-1.085900E+1	31.03.2021-13:48:28
135.397	2.735800E+9	-1.085700E+1	31.03.2021-13:48:28
135.598	2.735800E+9	-1.086900E+1	31.03.2021-13:48:28
135.798	2.735800E+9	-1.086100E+1	31.03.2021-13:48:28
135.999	2.735800E+9	-1.085400E+1	31.03.2021-13:48:28
136.199	2.735800E+9	-1.088300E+1	31.03.2021-13:48:28
136.400	2.735800E+9	-1.086700E+1	31.03.2021-13:48:29
136.601	2.735800E+9	-1.088300E+1	31.03.2021-13:48:29
136.801	2.735800E+9	-1.088200E+1	31.03.2021-13:48:29
137.002	2.735800E+9	-1.085800E+1	31.03.2021-13:48:29
137.202	2.735800E+9	-1.089200E+1	31.03.2021-13:48:29
137.403	2.735800E+9	-1.088000E+1	31.03.2021-13:48:30
137.604	2.735800E+9	-1.086600E+1	31.03.2021-13:48:30
137.804	2.735800E+9	-1.085900E+1	31.03.2021-13:48:30
138.005	2.735800E+9	-1.086200E+1	31.03.2021-13:48:30
138.205	2.735800E+9	-1.086300E+1	31.03.2021-13:48:30
138.406	2.735800E+9	-1.084900E+1	31.03.2021-13:48:30
138.606	2.735800E+9	-1.087700E+1	31.03.2021-13:48:31
138.807	2.735800E+9	-1.087900E+1	31.03.2021-13:48:31
139.008	2.735800E+9	-1.085900E+1	31.03.2021-13:48:31
139.208	2.735800E+9	-1.086800E+1	31.03.2021-13:48:31
139.409	2.735800E+9	-1.086400E+1	31.03.2021-13:48:31
139.609	2.735800E+9	-1.085500E+1	31.03.2021-13:48:32
139.810	2.735800E+9	-1.085900E+1	31.03.2021-13:48:32
140.011	2.735800E+9	-1.086100E+1	31.03.2021-13:48:32
140.211	2.735800E+9	-1.088700E+1	31.03.2021-13:48:32
140.412	2.735800E+9	-1.087600E+1	31.03.2021-13:48:32
140.612	2.735800E+9	-1.087500E+1	31.03.2021-13:48:32
140.813	2.735800E+9	-1.087400E+1	31.03.2021-13:48:33
141.014	2.735800E+9	-1.086500E+1	31.03.2021-13:48:33
141.214	2.735800E+9	-1.087100E+1	31.03.2021-13:48:33
141.415	2.735800E+9	-1.088000E+1	31.03.2021-13:48:33
141.615	2.735800E+9	-1.087900E+1	31.03.2021-13:48:33
141.816	2.735800E+9	-1.089100E+1	31.03.2021-13:48:34
142.016	2.735800E+9	-1.086900E+1	31.03.2021-13:48:34
142.217	2.735800E+9	-1.087000E+1	31.03.2021-13:48:34
142.418	2.735800E+9	-1.085300E+1	31.03.2021-13:48:34
142.618	2.735800E+9	-1.087500E+1	31.03.2021-13:48:34
142.819	2.735800E+9	-1.086100E+1	31.03.2021-13:48:35
143.019	2.735800E+9	-1.090400E+1	31.03.2021-13:48:35
143.220	2.735800E+9	-1.086700E+1	31.03.2021-13:48:35
143.421	2.735800E+9	-1.087800E+1	31.03.2021-13:48:35
143.621	2.735800E+9	-1.086600E+1	31.03.2021-13:48:35
143.822	2.735800E+9	-1.087000E+1	31.03.2021-13:48:35
144.022	2.735800E+9	-1.087000E+1	31.03.2021-13:48:36
144.223	2.735800E+9	-1.087300E+1	31.03.2021-13:48:36
144.424	2.735800E+9	-1.088200E+1	31.03.2021-13:48:36
144.624	2.735800E+9	-1.087400E+1	31.03.2021-13:48:36
144.825	2.735800E+9	-1.085700E+1	31.03.2021-13:48:36
145.025	2.735800E+9	-1.086300E+1	31.03.2021-13:48:37
145.226	2.735800E+9	-1.088900E+1	31.03.2021-13:48:37
145.426	2.735800E+9	-1.087300E+1	31.03.2021-13:48:37
145.627	2.735800E+9	-1.087500E+1	31.03.2021-13:48:37
145.828	2.735800E+9	-1.087400E+1	31.03.2021-13:48:37
146.028	2.735800E+9	-1.086300E+1	31.03.2021-13:48:37
146.229	2.735800E+9	-1.084400E+1	31.03.2021-13:48:38
146.429	2.735800E+9	-1.087000E+1	31.03.2021-13:48:38
146.630	2.735800E+9	-1.084700E+1	31.03.2021-13:48:38
146.831	2.735800E+9	-1.088600E+1	31.03.2021-13:48:38
147.031	2.735800E+9	-1.086700E+1	31.03.2021-13:48:38
147.232	2.735800E+9	-1.085200E+1	31.03.2021-13:48:39
147.432	2.735800E+9	-1.086200E+1	31.03.2021-13:48:39
147.633	2.735800E+9	-1.087900E+1	31.03.2021-13:48:39
147.834	2.735800E+9	-1.087000E+1	31.03.2021-13:48:39
148.034	2.735800E+9	-1.084900E+1	31.03.2021-13:48:39
148.235	2.735800E+9	-1.088600E+1	31.03.2021-13:48:39
148.435	2.735800E+9	-1.088200E+1	31.03.2021-13:48:40
148.636	2.735800E+9	-1.085700E+1	31.03.2021-13:48:40
148.836	2.735800E+9	-1.086900E+1	31.03.2021-13:48:40
149.037	2.735800E+9	-1.087000E+1	31.03.2021-13:48:40
149.238	2.735800E+9	-1.087700E+1	31.03.2021-13:48:40
149.438	2.735800E+9	-1.086900E+1	31.03.2021-13:48:41
149.639	2.735800E+9	-1.086200E+1	31.03.2021-13:48:41
149.839	2.735800E+9	-1.087800E+1	31.03.2021-13:48:41
150.040	2.735800E+9	-1.088200E+1	31.03.2021-13:48:41
150.241	2.735800E+9	-1.088300E+1	31.03.2021-13:48:41
150.441	2.735800E+9	-1.084100E+1	31.03.2021-13:48:42
150.642	2.735800E+9	-1.087700E+1	31.03.2021-13:48:42
150.842	2.735800E+9	-1.088900E+1	31.03.2021-13:48:42
151.043	2.735800E+9	-1.087200E+1	31.03.2021-13:48:42
151.244	2.735800E+9	-1.086800E+1	31.03.2021-13:48:42
151.444	2.735800E+9	-1.087700E+1	31.03.2021-13:48:42
151.645	2.735800E+9	-1.088800E+1	31.03.2021-13:48:43
151.845	2.735800E+9	-1.088400E+1	31.03.2021-13:48:43
152.046	2.735800E+9	-1.087900E+1	31.03.2021-13:48:43
152.246	2.735800E+9	-1.088300E+1	31.03.2021-13:48:43
152.447	2.735800E+9	-1.084700E+1	31.03.2021-13:48:43
152.648	2.735800E+9	-1.088200E+1	31.03.2021-13:48:44
152.848	2.735800E+9	-1.086000E+1	31.03.2021-13:48:44
153.049	2.735800E+9	-1.087200E+1	31.03.2021-13:48:44
153.249	2.735800E+9	-1.087100E+1	31.03.2021-13:48:44
153.450	2.735800E+9	-1.088600E+1	31.03.2021-13:48:44
153.651	2.735800E+9	-1.088000E+1	31.03.2021-13:48:44
153.851	2.735800E+9	-1.086700E+1	31.03.2021-13:48:45
154.052	2.735800E+9	-1.088100E+1	31.03.2021-13:48:45
154.252	2.735800E+9	-1.086300E+1	31.03.2021-13:48:45
154.453	2.735800E+9	-1.087500E+1	31.03.2021-13:48:45
154.654	2.735800E+9	-1.086600E+1	31.03.2021-13:48:45
154.854	2.735800E+9	-1.090200E+1	31.03.2021-13:48:46
155.055	2.735800E+9	-1.087100E+1	31.03.2021-13:48:46
155.255	2.735800E+9	-1.086900E+1	31.03.2021-13:48:46
155.456	2.735800E+9	-1.087600E+1	31.03.2021-13:48:46
155.656	2.735800E+9	-1.086600E+1	31.03.2021-13:48:46
155.857	2.735800E+9	-1.089300E+1	31.03.2021-13:48:47
156.058	2.735800E+9	-1.083900E+1	31.03.2021-13:48:47
156.258	2.735800E+9	-1.083700E+1	31.03.2021-13:48:47
156.459	2.735800E+9	-1.084800E+1	31.03.2021-13:48:47
156.659	2.735800E+9	-1.087500E+1	31.03.2021-13:48:47
156.860	2.735800E+9	-1.087500E+1	31.03.2021-13:48:47
157.061	2.735800E+9	-1.086000E+1	31.03.2021-13:48:48
157.261	2.735800E+9	-1.086200E+1	31.03.2021-13:48:48
157.462	2.735800E+9	-1.087600E+1	31.03.2021-13:48:48
157.662	2.735800E+9	-1.087300E+1	31.03.2021-13:48:48
157.863	2.735800E+9	-1.087700E+1	31.03.2021-13:48:48
158.064	2.735800E+9	-1.085600E+1	31.03.2021-13:48:49
158.264	2.735800E+9	-1.087100E+1	31.03.2021-13:48:49
158.465	2.735800E+9	-1.086300E+1	31.03.2021-13:48:49
158.665	2.735800E+9	-1.087200E+1	31.03.2021-13:48:49
158.866	2.735800E+9	-1.086400E+1	31.03.2021-13:48:49
159.066	2.735800E+9	-1.085000E+1	31.03.2021-13:48:49
159.267	2.735800E+9	-1.087500E+1	31.03.2021-13:48:50
159.468	2.735800E+9	-1.086700E+1	31.03.2021-13:48:50
159.668	2.735800E+9	-1.086600E+1	31.03.2021-13:48:50
159.869	2.735800E+9	-1.086800E+1	31.03.2021-13:48:50
160.069	2.735800E+9	-1.089100E+1	31.03.2021-13:48:50
160.270	2.735800E+9	-1.087900E+1	31.03.2021-13:48:51
160.471	2.735800E+9	-1.086400E+1	31.03.2021-13:48:51
160.671	2.735800E+9	-1.086400E+1	31.03.2021-13:48:51
160.872	2.735800E+9	-1.088200E+1	31.03.2021-13:48:51
161.072	2.735800E+9	-1.087800E+1	31.03.2021-13:48:51
161.273	2.735800E+9	-1.087900E+1	31.03.2021-13:48:51
161.474	2.735800E+9	-1.084800E+1	31.03.2021-13:48:52
161.674	2.735800E+9	-1.087700E+1	31.03.2021-13:48:52
161.875	2.735800E+9	-1.087300E+1	31.03.2021-13:48:52
162.075	2.735800E+9	-1.087600E+1	31.03.2021-13:48:52
162.276	2.735800E+9	-1.086200E+1	31.03.2021-13:48:52
162.476	2.735800E+9	-1.087000E+1	31.03.2021-13:48:53
162.677	2.735800E+9	-1.088400E+1	31.03.2021-13:48:53
162.878	2.735800E+9	-1.088700E+1	31.03.2021-13:48:53
163.078	2.735800E+9	-1.086800E+1	31.03.2021-13:48:53
163.279	2.735800E+9	-1.086100E+1	31.03.2021-13:48:53
163.479	2.735800E+9	-1.086000E+1	31.03.2021-13:48:53
163.680	2.735800E+9	-1.088400E+1	31.03.2021-13:48:54
163.881	2.735800E+9	-1.088100E+1	31.03.2021-13:48:54
164.081	2.735800E+9	-1.085000E+1	31.03.2021-13:48:54
164.282	2.735800E+9	-1.085800E+1	31.03.2021-13:48:54
164.482	2.735800E+9	-1.088300E+1	31.03.2021-13:48:54
164.683	2.735800E+9	-1.085900E+1	31.03.2021-13:48:55
164.884	2.735800E+9	-1.085500E+1	31.03.2021-13:48:55
165.084	2.735800E+9	-1.089000E+1	31.03.2021-13:48:55
165.285	2.735800E+9	-1.085200E+1	31.03.2021-13:48:55
165.485	2.735800E+9	-1.088000E+1	31.03.2021-13:48:55
165.686	2.735800E+9	-1.086400E+1	31.03.2021-13:48:56
165.886	2.735800E+9	-1.085300E+1	31.03.2021-13:48:56
166.087	2.735800E+9	-1.088900E+1	31.03.2021-13:48:56
166.288	2.735800E+9	-1.086200E+1	31.03.2021-13:48:56
166.488	2.735800E+9	-1.089700E+1	31.03.2021-13:48:56
166.689	2.735800E+9	-1.088100E+1	31.03.2021-13:48:56
166.889	2.735800E+9	-1.088700E+1	31.03.2021-13:48:57
167.090	2.735800E+9	-1.089200E+1	31.03.2021-13:48:57
167.291	2.735800E+9	-1.087100E+1	31.03.2021-13:48:57
167.491	2.735800E+9	-1.087500E+1	31.03.2021-13:48:57
167.692	2.735800E+9	-1.086600E+1	31.03.2021-13:48:57
167.892	2.735800E+9	-1.086900E+1	31.03.2021-13:48:58
168.093	2.735800E+9	-1.086700E+1	31.03.2021-13:48:58
168.294	2.735800E+9	-1.089200E+1	31.03.2021-13:48:58
168.494	2.735800E+9	-1.086400E+1	31.03.2021-13:48:58
168.695	2.735800E+9	-1.087500E+1	31.03.2021-13:48:58
168.895	2.735800E+9	-1.086000E+1	31.03.2021-13:48:58
169.096	2.735800E+9	-1.086300E+1	31.03.2021-13:48:59
169.296	2.735800E+9	-1.086200E+1	31.03.2021-13:48:59
169.497	2.735800E+9	-1.089100E+1	31.03.2021-13:48:59
169.698	2.735800E+9	-1.086600E+1	31.03.2021-13:48:59
169.898	2.735800E+9	-1.088100E+1	31.03.2021-13:48:59
170.099	2.735800E+9	-1.086700E+1	31.03.2021-13:49:00
170.299	2.735800E+9	-1.088400E+1	31.03.2021-13:49:00
170.500	2.735800E+9	-1.087000E+1	31.03.2021-13:49:00
170.701	2.735800E+9	-1.089000E+1	31.03.2021-13:49:00
170.901	2.735800E+9	-1.088600E+1	31.03.2021-13:49:00
171.102	2.735800E+9	-1.087100E+1	31.03.2021-13:49:00
171.302	2.735800E+9	-1.088900E+1	31.03.2021-13:49:01
171.503	2.735800E+9	-1.087500E+1	31.03.2021-13:49:01
171.704	2.735800E+9	-1.085500E+1	31.03.2021-13:49:01
171.904	2.735800E+9	-1.086400E+1	31.03.2021-13:49:01
172.105	2.735800E+9	-1.090300E+1	31.03.2021-13:49:01
172.305	2.735800E+9	-1.086500E+1	31.03.2021-13:49:02
172.506	2.735800E+9	-1.088700E+1	31.03.2021-13:49:02
172.706	2.735800E+9	-1.086800E+1	31.03.2021-13:49:02
172.907	2.735800E+9	-1.088200E+1	31.03.2021-13:49:02
173.108	2.735800E+9	-1.086900E+1	31.03.2021-13:49:02
173.308	2.735800E+9	-1.086100E+1	31.03.2021-13:49:02
173.509	2.735800E+9	-1.088100E+1	31.03.2021-13:49:03
173.709	2.735800E+9	-1.088300E+1	31.03.2021-13:49:03
173.910	2.735800E+9	-1.088800E+1	31.03.2021-13:49:03
174.111	2.735800E+9	-1.087200E+1	31.03.2021-13:49:03
174.311	2.735800E+9	-1.089200E+1	31.03.2021-13:49:03
174.512	2.735800E+9	-1.086500E+1	31.03.2021-13:49:04
174.712	2.735800E+9	-1.086600E+1	31.03.2021-13:49:04
174.913	2.735800E+9	-1.084300E+1	31.03.2021-13:49:04
175.114	2.735800E+9	-1.085900E+1	31.03.2021-13:49:04
175.314	2.735800E+9	-1.086700E+1	31.03.2021-13:49:04
175.515	2.735800E+9	-1.085700E+1	31.03.2021-13:49:05
175.715	2.735800E+9	-1.090000E+1	31.03.2021-13:49:05
175.916	2.735800E+9	-1.087600E+1	31.03.2021-13:49:05
176.116	2.735800E+9	-1.085200E+1	31.03.2021-13:49:05
176.317	2.735800E+9	-1.087500E+1	31.03.2021-13:49:05
176.518	2.735800E+9	-1.087700E+1	31.03.2021-13:49:05
176.718	2.735800E+9	-1.086900E+1	31.03.2021-13:49:06
176.919	2.735800E+9	-1.086500E+1	31.03.2021-13:49:06
177.119	2.735800E+9	-1.088000E+1	31.03.2021-13:49:06
177.320	2.735800E+9	-1.089000E+1	31.03.2021-13:49:06
177.521	2.735800E+9	-1.085700E+1	31.03.2021-13:49:06
177.721	2.735800E+9	-1.085900E+1	31.03.2021-13:49:07
177.922	2.735800E+9	-1.085900E+1	31.03.2021-13:49:07
178.122	2.735800E+9	-1.087400E+1	31.03.2021-13:49:07
178.323	2.735800E+9	-1.086800E+1	31.03.2021-13:49:07
178.524	2.735800E+9	-1.088700E+1	31.03.2021-13:49:07
178.724	2.735800E+9	-1.086000E+1	31.03.2021-13:49:07
178.925	2.735800E+9	-1.087900E+1	31.03.2021-13:49:08
179.125	2.735800E+9	-1.085200E+1	31.03.2021-13:49:08
179.326	2.735800E+9	-1.086300E+1	31.03.2021-13:49:08
179.526	2.735800E+9	-1.087400E+1	31.03.2021-13:49:08
179.727	2.735800E+9	-1.085800E+1	31.03.2021-13:49:08
179.928	2.735800E+9	-1.087300E+1	31.03.2021-13:49:09
180.128	2.735800E+9	-1.085900E+1	31.03.2021-13:49:09
180.329	2.735800E+9	-1.087300E+1	31.03.2021-13:49:09
180.529	2.735800E+9	-1.085600E+1	31.03.2021-13:49:09
180.730	2.735800E+9	-1.088100E+1	31.03.2021-13:49:09
180.931	2.735800E+9	-1.085800E+1	31.03.2021-13:49:10
181.131	2.735800E+9	-1.090900E+1	31.03.2021-13:49:10
181.332	2.735800E+9	-1.087800E+1	31.03.2021-13:49:10
181.532	2.735800E+9	-1.085300E+1	31.03.2021-13:49:10
181.733	2.735800E+9	-1.085900E+1	31.03.2021-13:49:10
181.934	2.735800E+9	-1.089100E+1	31.03.2021-13:49:10
182.134	2.735800E+9	-1.087100E+1	31.03.2021-13:49:11
182.335	2.735800E+9	-1.091100E+1	31.03.2021-13:49:11
182.535	2.735800E+9	-1.087500E+1	31.03.2021-13:49:11
182.736	2.735800E+9	-1.086900E+1	31.03.2021-13:49:11
182.936	2.735800E+9	-1.088200E+1	31.03.2021-13:49:11
183.137	2.735800E+9	-1.086600E+1	31.03.2021-13:49:12
183.338	2.735800E+9	-1.085700E+1	31.03.2021-13:49:12
183.538	2.735800E+9	-1.086600E+1	31.03.2021-13:49:12
183.739	2.735800E+9	-1.087100E+1	31.03.2021-13:49:12
183.939	2.735800E+9	-1.085900E+1	31.03.2021-13:49:12
184.140	2.735800E+9	-1.089900E+1	31.03.2021-13:49:12
184.341	2.735800E+9	-1.086000E+1	31.03.2021-13:49:13
184.541	2.735800E+9	-1.087300E+1	31.03.2021-13:49:13
184.742	2.735800E+9	-1.086700E+1	31.03.2021-13:49:13
184.942	2.735800E+9	-1.086800E+1	31.03.2021-13:49:13
185.143	2.735800E+9	-1.088900E+1	31.03.2021-13:49:13
185.344	2.735800E+9	-1.088400E+1	31.03.2021-13:49:14
185.544	2.735800E+9	-1.086700E+1	31.03.2021-13:49:14
185.745	2.735800E+9	-1.086900E+1	31.03.2021-13:49:14
185.945	2.735800E+9	-1.087600E+1	31.03.2021-13:49:14
186.146	2.735800E+9	-1.088300E+1	31.03.2021-13:49:14
186.346	2.735800E+9	-1.084600E+1	31.03.2021-13:49:14
186.547	2.735800E+9	-1.088900E+1	31.03.2021-13:49:15
186.748	2.735800E+9	-1.085100E+1	31.03.2021-13:49:15
186.948	2.735800E+9	-1.086400E+1	31.03.2021-13:49:15
187.149	2.735800E+9	-1.085600E+1	31.03.2021-13:49:15
187.349	2.735800E+9	-1.084400E+1	31.03.2021-13:49:15
187.550	2.735800E+9	-1.085700E+1	31.03.2021-13:49:16
187.751	2.735800E+9	-1.087300E+1	31.03.2021-13:49:16
187.951	2.735800E+9	-1.085600E+1	31.03.2021-13:49:16
188.152	2.735800E+9	-1.086200E+1	31.03.2021-13:49:16
188.352	2.735800E+9	-1.087900E+1	31.03.2021-13:49:16
188.553	2.735800E+9	-1.084300E+1	31.03.2021-13:49:16
188.754	2.735800E+9	-1.085700E+1	31.03.2021-13:49:17
188.954	2.735800E+9	-1.087000E+1	31.03.2021-13:49:17
189.155	2.735800E+9	-1.088800E+1	31.03.2021-13:49:17
189.355	2.735800E+9	-1.085500E+1	31.03.2021-13:49:17
189.556	2.735800E+9	-1.086500E+1	31.03.2021-13:49:17
189.756	2.735800E+9	-1.087000E+1	31.03.2021-13:49:18
189.957	2.735800E+9	-1.088000E+1	31.03.2021-13:49:18
190.158	2.735800E+9	-1.087700E+1	31.03.2021-13:49:18
190.358	2.735800E+9	-1.089300E+1	31.03.2021-13:49:18
190.559	2.735800E+9	-1.086700E+1	31.03.2021-13:49:18
190.759	2.735800E+9	-1.084800E+1	31.03.2021-13:49:18
190.960	2.735800E+9	-1.087700E+1	31.03.2021-13:49:19
191.161	2.735800E+9	-1.087500E+1	31.03.2021-13:49:19
191.361	2.735800E+9	-1.086600E+1	31.03.2021-13:49:19
191.562	2.735800E+9	-1.086900E+1	31.03.2021-13:49:19
191.762	2.735800E+9	-1.088600E+1	31.03.2021-13:49:19
191.963	2.735800E+9	-1.089000E+1	31.03.2021-13:49:20
192.164	2.735800E+9	-1.085900E+1	31.03.2021-13:49:20
192.364	2.735800E+9	-1.085400E+1	31.03.2021-13:49:20
192.565	2.735800E+9	-1.088700E+1	31.03.2021-13:49:20
192.765	2.735800E+9	-1.087800E+1	31.03.2021-13:49:20
192.966	2.735800E+9	-1.087300E+1	31.03.2021-13:49:21
193.166	2.735800E+9	-1.088700E+1	31.03.2021-13:49:21
193.367	2.735800E+9	-1.087600E+1	31.03.2021-13:49:21
193.568	2.735800E+9	-1.086900E+1	31.03.2021-13:49:21
193.768	2.735800E+9	-1.088400E+1	31.03.2021-13:49:21
193.969	2.735800E+9	-1.088500E+1	31.03.2021-13:49:21
194.169	2.735800E+9	-1.088700E+1	31.03.2021-13:49:22
194.370	2.735800E+9	-1.087700E+1	31.03.2021-13:49:22
194.571	2.735800E+9	-1.087900E+1	31.03.2021-13:49:22
194.771	2.735800E+9	-1.085800E+1	31.03.2021-13:49:22
194.972	2.735800E+9	-1.087900E+1	31.03.2021-13:49:22
195.172	2.735800E+9	-1.086900E+1	31.03.2021-13:49:23
195.373	2.735800E+9	-1.086900E+1	31.03.2021-13:49:23
195.574	2.735800E+9	-1.087100E+1	31.03.2021-13:49:23
195.774	2.735800E+9	-1.086100E+1	31.03.2021-13:49:23
195.975	2.735800E+9	-1.087900E+1	31.03.2021-13:49:23
196.175	2.735800E+9	-1.086400E+1	31.03.2021-13:49:23
196.376	2.735800E+9	-1.086500E+1	31.03.2021-13:49:24
196.576	2.735800E+9	-1.088100E+1	31.03.2021-13:49:24
196.777	2.735800E+9	-1.087400E+1	31.03.2021-13:49:24
196.978	2.735800E+9	-1.087600E+1	31.03.2021-13:49:24
197.178	2.735800E+9	-1.087300E+1	31.03.2021-13:49:24
197.379	2.735800E+9	-1.087800E+1	31.03.2021-13:49:25
197.579	2.735800E+9	-1.087600E+1	31.03.2021-13:49:25
197.780	2.735800E+9	-1.089800E+1	31.03.2021-13:49:25
197.981	2.735800E+9	-1.086800E+1	31.03.2021-13:49:25
198.181	2.735800E+9	-1.086600E+1	31.03.2021-13:49:25
198.382	2.735800E+9	-1.086700E+1	31.03.2021-13:49:25
198.582	2.735800E+9	-1.087400E+1	31.03.2021-13:49:26
198.783	2.735800E+9	-1.086900E+1	31.03.2021-13:49:26
198.984	2.735800E+9	-1.087100E+1	31.03.2021-13:49:26
199.184	2.735800E+9	-1.085900E+1	31.03.2021-13:49:26
199.385	2.735800E+9	-1.087400E+1	31.03.2021-13:49:26
199.585	2.735800E+9	-1.087200E+1	31.03.2021-13:49:27
199.786	2.735800E+9	-1.088600E+1	31.03.2021-13:49:27
199.986	2.735800E+9	-1.087000E+1	31.03.2021-13:49:27
200.187	2.735800E+9	-1.087400E+1	31.03.2021-13:49:27
