#Abstand (mm)	Hz	     dB	      Zeitpunkt
0.000	2.739302E+9	-1.157900E+1	09.04.2021-15:26:04
0.201	2.739302E+9	-1.157900E+1	09.04.2021-15:26:04
0.401	2.739302E+9	-1.157900E+1	09.04.2021-15:26:04
0.602	2.739302E+9	-1.155600E+1	09.04.2021-15:26:04
0.802	2.739302E+9	-1.158700E+1	09.04.2021-15:26:05
1.003	2.739302E+9	-1.158700E+1	09.04.2021-15:26:05
1.204	2.739302E+9	-1.158700E+1	09.04.2021-15:26:05
1.404	2.739302E+9	-1.156300E+1	09.04.2021-15:26:05
1.605	2.739302E+9	-1.156300E+1	09.04.2021-15:26:05
1.805	2.739302E+9	-1.158500E+1	09.04.2021-15:26:05
2.006	2.739302E+9	-1.158500E+1	09.04.2021-15:26:05
2.206	2.739302E+9	-1.158700E+1	09.04.2021-15:26:05
2.407	2.739302E+9	-1.158700E+1	09.04.2021-15:26:05
2.608	2.739302E+9	-1.157200E+1	09.04.2021-15:26:06
2.808	2.739302E+9	-1.157200E+1	09.04.2021-15:26:06
3.009	2.739302E+9	-1.156900E+1	09.04.2021-15:26:06
3.209	2.739302E+9	-1.156900E+1	09.04.2021-15:26:06
3.410	2.739302E+9	-1.157200E+1	09.04.2021-15:26:06
3.611	2.739302E+9	-1.154300E+1	09.04.2021-15:26:06
3.811	2.739302E+9	-1.157800E+1	09.04.2021-15:26:06
4.012	2.739302E+9	-1.157800E+1	09.04.2021-15:26:06
4.212	2.739302E+9	-1.157800E+1	09.04.2021-15:26:07
4.413	2.739302E+9	-1.156000E+1	09.04.2021-15:26:07
4.614	2.739302E+9	-1.156800E+1	09.04.2021-15:26:07
4.814	2.739302E+9	-1.156800E+1	09.04.2021-15:26:07
5.015	2.739302E+9	-1.157300E+1	09.04.2021-15:26:07
5.215	2.739302E+9	-1.157300E+1	09.04.2021-15:26:07
5.416	2.739302E+9	-1.157300E+1	09.04.2021-15:26:07
5.616	2.739302E+9	-1.157200E+1	09.04.2021-15:26:07
5.817	2.739302E+9	-1.157200E+1	09.04.2021-15:26:08
6.018	2.739302E+9	-1.157500E+1	09.04.2021-15:26:08
6.218	2.739302E+9	-1.157200E+1	09.04.2021-15:26:08
6.419	2.739302E+9	-1.157200E+1	09.04.2021-15:26:08
6.619	2.739302E+9	-1.157200E+1	09.04.2021-15:26:08
6.820	2.739302E+9	-1.157800E+1	09.04.2021-15:26:08
7.021	2.739302E+9	-1.157800E+1	09.04.2021-15:26:08
7.221	2.739302E+9	-1.154900E+1	09.04.2021-15:26:08
7.422	2.739302E+9	-1.154900E+1	09.04.2021-15:26:08
7.622	2.739302E+9	-1.155000E+1	09.04.2021-15:26:09
7.823	2.739302E+9	-1.155000E+1	09.04.2021-15:26:09
8.024	2.739302E+9	-1.155900E+1	09.04.2021-15:26:09
8.224	2.739302E+9	-1.154600E+1	09.04.2021-15:26:09
8.425	2.739302E+9	-1.154600E+1	09.04.2021-15:26:09
8.625	2.739302E+9	-1.154600E+1	09.04.2021-15:26:09
8.826	2.739302E+9	-1.156700E+1	09.04.2021-15:26:09
9.026	2.739302E+9	-1.162900E+1	09.04.2021-15:26:09
9.227	2.739302E+9	-1.162900E+1	09.04.2021-15:26:10
9.428	2.739302E+9	-1.162900E+1	09.04.2021-15:26:10
9.628	2.739302E+9	-1.163300E+1	09.04.2021-15:26:10
9.829	2.739302E+9	-1.163300E+1	09.04.2021-15:26:10
10.029	2.739302E+9	-1.162800E+1	09.04.2021-15:26:10
10.230	2.739302E+9	-1.162800E+1	09.04.2021-15:26:10
10.431	2.739302E+9	-1.161200E+1	09.04.2021-15:26:10
10.631	2.739302E+9	-1.161200E+1	09.04.2021-15:26:10
10.832	2.739302E+9	-1.163300E+1	09.04.2021-15:26:11
11.032	2.739302E+9	-1.163300E+1	09.04.2021-15:26:11
11.233	2.739302E+9	-1.160600E+1	09.04.2021-15:26:11
11.434	2.739302E+9	-1.159500E+1	09.04.2021-15:26:11
11.634	2.739302E+9	-1.159500E+1	09.04.2021-15:26:11
11.835	2.739302E+9	-1.162900E+1	09.04.2021-15:26:11
12.035	2.739302E+9	-1.162900E+1	09.04.2021-15:26:11
12.236	2.739302E+9	-1.161900E+1	09.04.2021-15:26:11
12.436	2.739302E+9	-1.161900E+1	09.04.2021-15:26:12
12.637	2.739302E+9	-1.159700E+1	09.04.2021-15:26:12
12.838	2.739302E+9	-1.163400E+1	09.04.2021-15:26:12
13.038	2.739302E+9	-1.163400E+1	09.04.2021-15:26:12
13.239	2.739302E+9	-1.163400E+1	09.04.2021-15:26:12
13.439	2.739302E+9	-1.156700E+1	09.04.2021-15:26:12
13.640	2.739302E+9	-1.156700E+1	09.04.2021-15:26:12
13.841	2.739302E+9	-1.162100E+1	09.04.2021-15:26:12
14.041	2.739302E+9	-1.162100E+1	09.04.2021-15:26:12
14.242	2.739302E+9	-1.158000E+1	09.04.2021-15:26:13
14.442	2.739302E+9	-1.159000E+1	09.04.2021-15:26:13
14.643	2.739302E+9	-1.159000E+1	09.04.2021-15:26:13
14.844	2.739302E+9	-1.159000E+1	09.04.2021-15:26:13
15.044	2.739302E+9	-1.159600E+1	09.04.2021-15:26:13
15.245	2.739302E+9	-1.158800E+1	09.04.2021-15:26:13
15.445	2.739302E+9	-1.158800E+1	09.04.2021-15:26:13
15.646	2.739302E+9	-1.157000E+1	09.04.2021-15:26:13
15.846	2.739302E+9	-1.157000E+1	09.04.2021-15:26:14
16.047	2.739302E+9	-1.159300E+1	09.04.2021-15:26:14
16.248	2.739302E+9	-1.159300E+1	09.04.2021-15:26:14
16.448	2.739302E+9	-1.157200E+1	09.04.2021-15:26:14
16.649	2.739302E+9	-1.157200E+1	09.04.2021-15:26:14
16.849	2.739302E+9	-1.153300E+1	09.04.2021-15:26:14
17.050	2.739302E+9	-1.153300E+1	09.04.2021-15:26:14
17.251	2.739302E+9	-1.151900E+1	09.04.2021-15:26:14
17.451	2.739302E+9	-1.150900E+1	09.04.2021-15:26:15
17.652	2.739302E+9	-1.150900E+1	09.04.2021-15:26:15
17.852	2.739302E+9	-1.150900E+1	09.04.2021-15:26:15
18.053	2.739225E+9	-1.150000E+1	09.04.2021-15:26:15
18.254	2.739225E+9	-1.150000E+1	09.04.2021-15:26:15
18.454	2.739225E+9	-1.152500E+1	09.04.2021-15:26:15
18.655	2.739225E+9	-1.152500E+1	09.04.2021-15:26:15
18.855	2.739225E+9	-1.159700E+1	09.04.2021-15:26:15
19.056	2.739225E+9	-1.163200E+1	09.04.2021-15:26:16
19.256	2.739225E+9	-1.163200E+1	09.04.2021-15:26:16
19.457	2.739225E+9	-1.163200E+1	09.04.2021-15:26:16
19.658	2.739225E+9	-1.169900E+1	09.04.2021-15:26:16
19.858	2.739225E+9	-1.169900E+1	09.04.2021-15:26:16
20.059	2.739225E+9	-1.163500E+1	09.04.2021-15:26:16
20.259	2.739225E+9	-1.163500E+1	09.04.2021-15:26:16
20.460	2.739147E+9	-1.154100E+1	09.04.2021-15:26:16
20.661	2.739147E+9	-1.154100E+1	09.04.2021-15:26:16
20.861	2.739147E+9	-1.170400E+1	09.04.2021-15:26:17
21.062	2.739147E+9	-1.170400E+1	09.04.2021-15:26:17
21.262	2.739069E+9	-1.155300E+1	09.04.2021-15:26:17
21.463	2.739069E+9	-1.171400E+1	09.04.2021-15:26:17
21.664	2.739069E+9	-1.171400E+1	09.04.2021-15:26:17
21.864	2.738991E+9	-1.152400E+1	09.04.2021-15:26:17
22.065	2.738991E+9	-1.152400E+1	09.04.2021-15:26:17
22.265	2.738913E+9	-1.151600E+1	09.04.2021-15:26:18
22.466	2.738913E+9	-1.128500E+1	09.04.2021-15:26:18
22.666	2.738835E+9	-1.168600E+1	09.04.2021-15:26:18
22.867	2.738835E+9	-1.168600E+1	09.04.2021-15:26:18
23.068	2.738757E+9	-1.176200E+1	09.04.2021-15:26:18
23.268	2.738757E+9	-1.176200E+1	09.04.2021-15:26:18
23.469	2.738757E+9	-1.165500E+1	09.04.2021-15:26:18
23.669	2.738757E+9	-1.165500E+1	09.04.2021-15:26:18
23.870	2.738523E+9	-1.172600E+1	09.04.2021-15:26:18
24.071	2.738523E+9	-1.172600E+1	09.04.2021-15:26:19
24.271	2.738368E+9	-1.180400E+1	09.04.2021-15:26:19
24.472	2.738212E+9	-1.172600E+1	09.04.2021-15:26:19
24.672	2.738212E+9	-1.172600E+1	09.04.2021-15:26:19
24.873	2.738212E+9	-8.609000E+0	09.04.2021-15:26:19
25.074	2.738056E+9	-1.171400E+1	09.04.2021-15:26:19
25.274	2.737822E+9	-1.188300E+1	09.04.2021-15:26:19
25.475	2.737822E+9	-1.188300E+1	09.04.2021-15:26:19
25.675	2.737511E+9	-1.175100E+1	09.04.2021-15:26:20
25.876	2.737511E+9	-1.175100E+1	09.04.2021-15:26:20
26.076	2.737511E+9	-1.175100E+1	09.04.2021-15:26:20
26.277	2.737277E+9	-1.194000E+1	09.04.2021-15:26:20
26.478	2.737043E+9	-1.177300E+1	09.04.2021-15:26:20
26.678	2.737043E+9	-1.177300E+1	09.04.2021-15:26:20
26.879	2.736888E+9	-1.199800E+1	09.04.2021-15:26:20
27.079	2.736888E+9	-1.199800E+1	09.04.2021-15:26:20
27.280	2.736654E+9	-1.194700E+1	09.04.2021-15:26:21
27.481	2.736654E+9	-1.194700E+1	09.04.2021-15:26:21
27.681	2.736654E+9	-1.194700E+1	09.04.2021-15:26:21
27.882	2.736342E+9	-1.201900E+1	09.04.2021-15:26:21
28.082	2.736342E+9	-7.286000E+0	09.04.2021-15:26:21
28.283	2.736109E+9	-1.200600E+1	09.04.2021-15:26:21
28.484	2.735953E+9	-1.211400E+1	09.04.2021-15:26:21
28.684	2.735797E+9	-1.203600E+1	09.04.2021-15:26:21
28.885	2.735641E+9	-1.199100E+1	09.04.2021-15:26:22
29.085	2.735641E+9	-1.199100E+1	09.04.2021-15:26:22
29.286	2.735408E+9	-1.206800E+1	09.04.2021-15:26:22
29.486	2.735408E+9	-1.206800E+1	09.04.2021-15:26:22
29.687	2.735252E+9	-1.216400E+1	09.04.2021-15:26:22
29.888	2.735252E+9	-1.216400E+1	09.04.2021-15:26:22
30.088	2.735252E+9	-1.216400E+1	09.04.2021-15:26:22
30.289	2.735096E+9	-1.216900E+1	09.04.2021-15:26:22
30.489	2.734862E+9	-1.203600E+1	09.04.2021-15:26:22
30.690	2.734862E+9	-1.203600E+1	09.04.2021-15:26:23
30.891	2.734862E+9	-1.203600E+1	09.04.2021-15:26:23
31.091	2.734707E+9	-1.218600E+1	09.04.2021-15:26:23
31.292	2.734551E+9	-1.221500E+1	09.04.2021-15:26:23
31.492	2.734551E+9	-1.221500E+1	09.04.2021-15:26:23
31.693	2.734473E+9	-1.200900E+1	09.04.2021-15:26:23
31.894	2.734473E+9	-1.200900E+1	09.04.2021-15:26:23
32.094	2.734317E+9	-1.217800E+1	09.04.2021-15:26:23
32.295	2.734317E+9	-1.217800E+1	09.04.2021-15:26:24
32.495	2.734161E+9	-1.220300E+1	09.04.2021-15:26:24
32.696	2.734083E+9	-1.212000E+1	09.04.2021-15:26:24
32.896	2.734083E+9	-1.212000E+1	09.04.2021-15:26:24
33.097	2.734006E+9	-1.211700E+1	09.04.2021-15:26:24
33.298	2.734006E+9	-1.211700E+1	09.04.2021-15:26:24
33.498	2.734006E+9	-1.211700E+1	09.04.2021-15:26:24
33.699	2.733928E+9	-1.213100E+1	09.04.2021-15:26:24
33.899	2.733850E+9	-1.213800E+1	09.04.2021-15:26:25
34.100	2.733850E+9	-1.213800E+1	09.04.2021-15:26:25
34.301	2.733772E+9	-1.221600E+1	09.04.2021-15:26:25
34.501	2.733772E+9	-1.207600E+1	09.04.2021-15:26:25
34.702	2.733772E+9	-1.207600E+1	09.04.2021-15:26:25
34.902	2.733694E+9	-1.220600E+1	09.04.2021-15:26:25
35.103	2.733694E+9	-1.220600E+1	09.04.2021-15:26:25
35.304	2.733616E+9	-1.215700E+1	09.04.2021-15:26:25
35.504	2.733616E+9	-1.215700E+1	09.04.2021-15:26:26
35.705	2.733616E+9	-1.215700E+1	09.04.2021-15:26:26
35.905	2.733616E+9	-1.202100E+1	09.04.2021-15:26:26
36.106	2.733538E+9	-1.219600E+1	09.04.2021-15:26:26
36.306	2.733538E+9	-1.219600E+1	09.04.2021-15:26:26
36.507	2.733538E+9	-1.205900E+1	09.04.2021-15:26:26
36.708	2.733538E+9	-1.205900E+1	09.04.2021-15:26:26
36.908	2.733538E+9	-1.205900E+1	09.04.2021-15:26:26
37.109	2.733460E+9	-1.220600E+1	09.04.2021-15:26:27
37.309	2.733460E+9	-1.211300E+1	09.04.2021-15:26:27
37.510	2.733460E+9	-1.211300E+1	09.04.2021-15:26:27
37.711	2.733382E+9	-1.209000E+1	09.04.2021-15:26:27
37.911	2.733382E+9	-1.218800E+1	09.04.2021-15:26:27
38.112	2.733382E+9	-1.218800E+1	09.04.2021-15:26:27
38.312	2.733382E+9	-1.218800E+1	09.04.2021-15:26:27
38.513	2.733382E+9	-1.218800E+1	09.04.2021-15:26:27
38.714	2.733382E+9	-1.200400E+1	09.04.2021-15:26:28
38.914	2.733304E+9	-1.196700E+1	09.04.2021-15:26:28
39.115	2.733304E+9	-1.196700E+1	09.04.2021-15:26:28
39.315	2.733304E+9	-1.218300E+1	09.04.2021-15:26:28
39.516	2.733304E+9	-1.218300E+1	09.04.2021-15:26:28
39.716	2.733304E+9	-1.218300E+1	09.04.2021-15:26:28
39.917	2.733304E+9	-1.217200E+1	09.04.2021-15:26:28
40.118	2.733304E+9	-1.214000E+1	09.04.2021-15:26:28
40.318	2.733304E+9	-1.214000E+1	09.04.2021-15:26:29
40.519	2.733304E+9	-1.205600E+1	09.04.2021-15:26:29
40.719	2.733304E+9	-1.205600E+1	09.04.2021-15:26:29
40.920	2.733227E+9	-1.196100E+1	09.04.2021-15:26:29
41.121	2.733227E+9	-1.196100E+1	09.04.2021-15:26:29
41.321	2.733227E+9	-1.210100E+1	09.04.2021-15:26:29
41.522	2.733227E+9	-1.210100E+1	09.04.2021-15:26:29
41.722	2.733227E+9	-1.210100E+1	09.04.2021-15:26:29
41.923	2.733227E+9	-1.210300E+1	09.04.2021-15:26:29
42.124	2.733227E+9	-1.209900E+1	09.04.2021-15:26:30
42.324	2.733227E+9	-1.209900E+1	09.04.2021-15:26:30
42.525	2.733227E+9	-1.214400E+1	09.04.2021-15:26:30
42.725	2.733227E+9	-1.214400E+1	09.04.2021-15:26:30
42.926	2.733227E+9	-1.213300E+1	09.04.2021-15:26:30
43.126	2.733227E+9	-1.213300E+1	09.04.2021-15:26:30
43.327	2.733227E+9	-1.213500E+1	09.04.2021-15:26:30
43.528	2.733227E+9	-1.210400E+1	09.04.2021-15:26:30
43.728	2.733227E+9	-1.210400E+1	09.04.2021-15:26:31
43.929	2.733227E+9	-1.207800E+1	09.04.2021-15:26:31
44.129	2.733227E+9	-1.207800E+1	09.04.2021-15:26:31
44.330	2.733227E+9	-1.207800E+1	09.04.2021-15:26:31
44.531	2.733227E+9	-1.200600E+1	09.04.2021-15:26:31
44.731	2.733227E+9	-1.201700E+1	09.04.2021-15:26:31
44.932	2.733227E+9	-1.201700E+1	09.04.2021-15:26:31
45.132	2.733227E+9	-1.197500E+1	09.04.2021-15:26:31
45.333	2.733227E+9	-1.195600E+1	09.04.2021-15:26:32
45.534	2.733227E+9	-1.195600E+1	09.04.2021-15:26:32
45.734	2.733227E+9	-1.189500E+1	09.04.2021-15:26:32
45.935	2.733227E+9	-1.189500E+1	09.04.2021-15:26:32
46.135	2.733227E+9	-1.189500E+1	09.04.2021-15:26:32
46.336	2.733227E+9	-1.189500E+1	09.04.2021-15:26:32
46.536	2.733227E+9	-1.190300E+1	09.04.2021-15:26:32
46.737	2.733227E+9	-1.187400E+1	09.04.2021-15:26:32
46.938	2.733227E+9	-1.187400E+1	09.04.2021-15:26:33
47.138	2.733149E+9	-1.185600E+1	09.04.2021-15:26:33
47.339	2.733149E+9	-1.185600E+1	09.04.2021-15:26:33
47.539	2.733227E+9	-1.183700E+1	09.04.2021-15:26:33
47.740	2.733227E+9	-1.183700E+1	09.04.2021-15:26:33
47.941	2.733227E+9	-1.182300E+1	09.04.2021-15:26:33
48.141	2.733227E+9	-1.182300E+1	09.04.2021-15:26:33
48.342	2.733227E+9	-1.183600E+1	09.04.2021-15:26:33
48.542	2.733227E+9	-1.183600E+1	09.04.2021-15:26:34
48.743	2.733227E+9	-1.183600E+1	09.04.2021-15:26:34
48.944	2.733227E+9	-1.184800E+1	09.04.2021-15:26:34
49.144	2.733227E+9	-1.184300E+1	09.04.2021-15:26:34
49.345	2.733227E+9	-1.184300E+1	09.04.2021-15:26:34
49.545	2.733227E+9	-1.187700E+1	09.04.2021-15:26:34
49.746	2.733227E+9	-1.186400E+1	09.04.2021-15:26:34
49.946	2.733227E+9	-1.186400E+1	09.04.2021-15:26:34
50.147	2.733227E+9	-1.187500E+1	09.04.2021-15:26:35
50.348	2.733227E+9	-1.187500E+1	09.04.2021-15:26:35
50.548	2.733227E+9	-1.190500E+1	09.04.2021-15:26:35
50.749	2.733227E+9	-1.190500E+1	09.04.2021-15:26:35
50.949	2.733227E+9	-1.192200E+1	09.04.2021-15:26:35
51.150	2.733227E+9	-1.192200E+1	09.04.2021-15:26:35
51.351	2.733227E+9	-1.196400E+1	09.04.2021-15:26:35
51.551	2.733227E+9	-1.196400E+1	09.04.2021-15:26:35
51.752	2.733227E+9	-1.197300E+1	09.04.2021-15:26:36
51.952	2.733227E+9	-1.197300E+1	09.04.2021-15:26:36
52.153	2.733227E+9	-1.195800E+1	09.04.2021-15:26:36
52.354	2.733227E+9	-1.195800E+1	09.04.2021-15:26:36
52.554	2.733227E+9	-1.196900E+1	09.04.2021-15:26:36
52.755	2.733227E+9	-1.196900E+1	09.04.2021-15:26:36
52.955	2.733227E+9	-1.197100E+1	09.04.2021-15:26:36
53.156	2.733227E+9	-1.197100E+1	09.04.2021-15:26:36
53.356	2.733227E+9	-1.197100E+1	09.04.2021-15:26:37
53.557	2.733227E+9	-1.194200E+1	09.04.2021-15:26:37
53.758	2.733227E+9	-1.194400E+1	09.04.2021-15:26:37
53.958	2.733227E+9	-1.194400E+1	09.04.2021-15:26:37
54.159	2.733227E+9	-1.191100E+1	09.04.2021-15:26:37
54.359	2.733227E+9	-1.191100E+1	09.04.2021-15:26:37
54.560	2.733227E+9	-1.189400E+1	09.04.2021-15:26:37
54.761	2.733227E+9	-1.189400E+1	09.04.2021-15:26:37
54.961	2.733227E+9	-1.189400E+1	09.04.2021-15:26:38
55.162	2.733227E+9	-1.184000E+1	09.04.2021-15:26:38
55.362	2.733227E+9	-1.181200E+1	09.04.2021-15:26:38
55.563	2.733227E+9	-1.181200E+1	09.04.2021-15:26:38
55.764	2.733227E+9	-1.177400E+1	09.04.2021-15:26:38
55.964	2.733227E+9	-1.177400E+1	09.04.2021-15:26:38
56.165	2.733227E+9	-1.170400E+1	09.04.2021-15:26:38
56.365	2.733227E+9	-1.170400E+1	09.04.2021-15:26:38
56.566	2.733227E+9	-1.170100E+1	09.04.2021-15:26:38
56.766	2.733227E+9	-1.170100E+1	09.04.2021-15:26:39
56.967	2.733304E+9	-1.170000E+1	09.04.2021-15:26:39
57.168	2.733304E+9	-1.170000E+1	09.04.2021-15:26:39
57.368	2.733304E+9	-1.170900E+1	09.04.2021-15:26:39
57.569	2.733304E+9	-1.170900E+1	09.04.2021-15:26:39
57.769	2.733304E+9	-1.165600E+1	09.04.2021-15:26:39
57.970	2.733304E+9	-1.165600E+1	09.04.2021-15:26:39
58.171	2.733304E+9	-1.170900E+1	09.04.2021-15:26:39
58.371	2.733304E+9	-1.170900E+1	09.04.2021-15:26:40
58.572	2.733304E+9	-1.166800E+1	09.04.2021-15:26:40
58.772	2.733304E+9	-1.166800E+1	09.04.2021-15:26:40
58.973	2.733304E+9	-1.169200E+1	09.04.2021-15:26:40
59.174	2.733304E+9	-1.166700E+1	09.04.2021-15:26:40
59.374	2.733304E+9	-1.166700E+1	09.04.2021-15:26:40
59.575	2.733304E+9	-1.164400E+1	09.04.2021-15:26:40
59.775	2.733304E+9	-1.164400E+1	09.04.2021-15:26:40
59.976	2.733304E+9	-1.162600E+1	09.04.2021-15:26:41
60.176	2.733304E+9	-1.161700E+1	09.04.2021-15:26:41
60.377	2.733304E+9	-1.161700E+1	09.04.2021-15:26:41
60.578	2.733227E+9	-1.158500E+1	09.04.2021-15:26:41
60.778	2.733227E+9	-1.158500E+1	09.04.2021-15:26:41
60.979	2.733227E+9	-1.159800E+1	09.04.2021-15:26:41
61.179	2.733227E+9	-1.162600E+1	09.04.2021-15:26:41
61.380	2.733227E+9	-1.162600E+1	09.04.2021-15:26:41
61.581	2.733227E+9	-1.165500E+1	09.04.2021-15:26:42
61.781	2.733227E+9	-1.165500E+1	09.04.2021-15:26:42
61.982	2.733227E+9	-1.169700E+1	09.04.2021-15:26:42
62.182	2.733227E+9	-1.169700E+1	09.04.2021-15:26:42
62.383	2.733227E+9	-1.171700E+1	09.04.2021-15:26:42
62.584	2.733227E+9	-1.171700E+1	09.04.2021-15:26:42
62.784	2.733227E+9	-1.171700E+1	09.04.2021-15:26:42
62.985	2.733227E+9	-1.171700E+1	09.04.2021-15:26:42
63.185	2.733227E+9	-1.172600E+1	09.04.2021-15:26:43
63.386	2.733227E+9	-1.172600E+1	09.04.2021-15:26:43
63.586	2.733227E+9	-1.174400E+1	09.04.2021-15:26:43
63.787	2.733227E+9	-1.174400E+1	09.04.2021-15:26:43
63.988	2.733227E+9	-1.173400E+1	09.04.2021-15:26:43
64.188	2.733227E+9	-1.173400E+1	09.04.2021-15:26:43
64.389	2.733227E+9	-1.172200E+1	09.04.2021-15:26:43
64.589	2.733227E+9	-1.172200E+1	09.04.2021-15:26:43
64.790	2.733227E+9	-1.172200E+1	09.04.2021-15:26:44
64.991	2.733227E+9	-1.170000E+1	09.04.2021-15:26:44
65.191	2.733227E+9	-1.166000E+1	09.04.2021-15:26:44
65.392	2.733227E+9	-1.166000E+1	09.04.2021-15:26:44
65.592	2.733227E+9	-1.165200E+1	09.04.2021-15:26:44
65.793	2.733227E+9	-1.164700E+1	09.04.2021-15:26:44
65.994	2.733227E+9	-1.164700E+1	09.04.2021-15:26:44
66.194	2.733227E+9	-1.158900E+1	09.04.2021-15:26:44
66.395	2.733227E+9	-1.158900E+1	09.04.2021-15:26:45
66.595	2.733227E+9	-1.155500E+1	09.04.2021-15:26:45
66.796	2.733227E+9	-1.155500E+1	09.04.2021-15:26:45
66.996	2.733227E+9	-1.154900E+1	09.04.2021-15:26:45
67.197	2.733227E+9	-1.154900E+1	09.04.2021-15:26:45
67.398	2.733227E+9	-1.154900E+1	09.04.2021-15:26:45
67.598	2.733227E+9	-1.150200E+1	09.04.2021-15:26:45
67.799	2.733227E+9	-1.150200E+1	09.04.2021-15:26:45
67.999	2.733149E+9	-1.147200E+1	09.04.2021-15:26:46
68.200	2.733149E+9	-1.146600E+1	09.04.2021-15:26:46
68.401	2.733149E+9	-1.146600E+1	09.04.2021-15:26:46
68.601	2.733149E+9	-1.150200E+1	09.04.2021-15:26:46
68.802	2.733149E+9	-1.150200E+1	09.04.2021-15:26:46
69.002	2.733149E+9	-1.152800E+1	09.04.2021-15:26:46
69.203	2.733149E+9	-1.152800E+1	09.04.2021-15:26:46
69.404	2.733149E+9	-1.152400E+1	09.04.2021-15:26:46
69.604	2.733149E+9	-1.152400E+1	09.04.2021-15:26:46
69.805	2.733149E+9	-1.151400E+1	09.04.2021-15:26:47
70.005	2.733149E+9	-1.151400E+1	09.04.2021-15:26:47
70.206	2.733149E+9	-1.149100E+1	09.04.2021-15:26:47
70.406	2.733149E+9	-1.149100E+1	09.04.2021-15:26:47
70.607	2.733149E+9	-1.151200E+1	09.04.2021-15:26:47
70.808	2.733149E+9	-1.151200E+1	09.04.2021-15:26:47
71.008	2.733149E+9	-1.148600E+1	09.04.2021-15:26:47
71.209	2.733149E+9	-1.148600E+1	09.04.2021-15:26:48
71.409	2.733149E+9	-1.149400E+1	09.04.2021-15:26:48
71.610	2.733149E+9	-1.149400E+1	09.04.2021-15:26:48
71.811	2.733149E+9	-1.149400E+1	09.04.2021-15:26:48
72.011	2.733149E+9	-1.147500E+1	09.04.2021-15:26:48
72.212	2.733149E+9	-1.141400E+1	09.04.2021-15:26:48
72.412	2.733149E+9	-1.141400E+1	09.04.2021-15:26:48
72.613	2.733149E+9	-1.143000E+1	09.04.2021-15:26:48
72.814	2.733149E+9	-1.143000E+1	09.04.2021-15:26:48
73.014	2.733227E+9	-1.143800E+1	09.04.2021-15:26:49
73.215	2.733227E+9	-1.144900E+1	09.04.2021-15:26:49
73.415	2.733227E+9	-1.144900E+1	09.04.2021-15:26:49
73.616	2.733227E+9	-1.149000E+1	09.04.2021-15:26:49
73.816	2.733227E+9	-1.149000E+1	09.04.2021-15:26:49
74.017	2.733227E+9	-1.149900E+1	09.04.2021-15:26:49
74.218	2.733227E+9	-1.149900E+1	09.04.2021-15:26:49
74.418	2.733227E+9	-1.156500E+1	09.04.2021-15:26:49
74.619	2.733227E+9	-1.156500E+1	09.04.2021-15:26:50
74.819	2.733227E+9	-1.157100E+1	09.04.2021-15:26:50
75.020	2.733227E+9	-1.157100E+1	09.04.2021-15:26:50
75.221	2.733227E+9	-1.159800E+1	09.04.2021-15:26:50
75.421	2.733227E+9	-1.159800E+1	09.04.2021-15:26:50
75.622	2.733227E+9	-1.159400E+1	09.04.2021-15:26:50
75.822	2.733227E+9	-1.157500E+1	09.04.2021-15:26:50
76.023	2.733227E+9	-1.157500E+1	09.04.2021-15:26:50
76.224	2.733227E+9	-1.159800E+1	09.04.2021-15:26:51
76.424	2.733227E+9	-1.159800E+1	09.04.2021-15:26:51
76.625	2.733227E+9	-1.152900E+1	09.04.2021-15:26:51
76.825	2.733227E+9	-1.152900E+1	09.04.2021-15:26:51
77.026	2.733227E+9	-1.142700E+1	09.04.2021-15:26:51
77.226	2.733227E+9	-1.142700E+1	09.04.2021-15:26:51
77.427	2.733304E+9	-1.153400E+1	09.04.2021-15:26:51
77.628	2.733304E+9	-1.153400E+1	09.04.2021-15:26:51
77.828	2.733304E+9	-1.158700E+1	09.04.2021-15:26:52
78.029	2.733304E+9	-1.158700E+1	09.04.2021-15:26:52
78.229	2.733304E+9	-1.159300E+1	09.04.2021-15:26:52
78.430	2.733304E+9	-1.159300E+1	09.04.2021-15:26:52
78.631	2.733304E+9	-1.159300E+1	09.04.2021-15:26:52
78.831	2.733304E+9	-1.155200E+1	09.04.2021-15:26:52
79.032	2.733304E+9	-1.155200E+1	09.04.2021-15:26:52
79.232	2.733382E+9	-1.148600E+1	09.04.2021-15:26:52
79.433	2.733382E+9	-1.155800E+1	09.04.2021-15:26:53
79.634	2.733382E+9	-1.155800E+1	09.04.2021-15:26:53
79.834	2.733382E+9	-1.156600E+1	09.04.2021-15:26:53
80.035	2.733382E+9	-1.156600E+1	09.04.2021-15:26:53
80.235	2.733382E+9	-1.149700E+1	09.04.2021-15:26:53
80.436	2.733460E+9	-1.144400E+1	09.04.2021-15:26:53
80.636	2.733460E+9	-1.144400E+1	09.04.2021-15:26:53
80.837	2.733460E+9	-1.157000E+1	09.04.2021-15:26:53
81.038	2.733460E+9	-1.157000E+1	09.04.2021-15:26:54
81.238	2.733538E+9	-1.138300E+1	09.04.2021-15:26:54
81.439	2.733538E+9	-1.138300E+1	09.04.2021-15:26:54
81.639	2.733538E+9	-1.160400E+1	09.04.2021-15:26:54
81.840	2.733538E+9	-1.160400E+1	09.04.2021-15:26:54
82.041	2.733616E+9	-1.152700E+1	09.04.2021-15:26:54
82.241	2.733616E+9	-1.152700E+1	09.04.2021-15:26:54
82.442	2.733616E+9	-1.146500E+1	09.04.2021-15:26:54
82.642	2.733616E+9	-1.146500E+1	09.04.2021-15:26:55
82.843	2.733694E+9	-1.160800E+1	09.04.2021-15:26:55
83.044	2.733694E+9	-1.160800E+1	09.04.2021-15:26:55
83.244	2.733772E+9	-1.158800E+1	09.04.2021-15:26:55
83.445	2.733772E+9	-1.158800E+1	09.04.2021-15:26:55
83.645	2.733850E+9	-1.157400E+1	09.04.2021-15:26:55
83.846	2.733850E+9	-1.157400E+1	09.04.2021-15:26:55
84.046	2.733928E+9	-1.161500E+1	09.04.2021-15:26:55
84.247	2.733928E+9	-1.161500E+1	09.04.2021-15:26:55
84.448	2.733928E+9	-1.161500E+1	09.04.2021-15:26:56
84.648	2.734006E+9	-1.163500E+1	09.04.2021-15:26:56
84.849	2.734083E+9	-1.159800E+1	09.04.2021-15:26:56
85.049	2.734083E+9	-1.159800E+1	09.04.2021-15:26:56
85.250	2.734239E+9	-1.152000E+1	09.04.2021-15:26:56
85.451	2.734239E+9	-1.152000E+1	09.04.2021-15:26:56
85.651	2.734317E+9	-1.155400E+1	09.04.2021-15:26:56
85.852	2.734317E+9	-1.155400E+1	09.04.2021-15:26:56
86.052	2.734473E+9	-1.164500E+1	09.04.2021-15:26:57
86.253	2.734473E+9	-1.164500E+1	09.04.2021-15:26:57
86.454	2.734551E+9	-1.163700E+1	09.04.2021-15:26:57
86.654	2.734551E+9	-1.163700E+1	09.04.2021-15:26:57
86.855	2.734707E+9	-1.146600E+1	09.04.2021-15:26:57
87.055	2.734707E+9	-1.146600E+1	09.04.2021-15:26:57
87.256	2.734862E+9	-1.156800E+1	09.04.2021-15:26:57
87.456	2.735018E+9	-1.162200E+1	09.04.2021-15:26:57
87.657	2.735018E+9	-1.162200E+1	09.04.2021-15:26:58
87.858	2.735174E+9	-1.158300E+1	09.04.2021-15:26:58
88.058	2.735174E+9	-1.158300E+1	09.04.2021-15:26:58
88.259	2.735408E+9	-1.166900E+1	09.04.2021-15:26:58
88.459	2.735408E+9	-1.166900E+1	09.04.2021-15:26:58
88.660	2.735719E+9	-1.165100E+1	09.04.2021-15:26:58
88.861	2.735719E+9	-1.165100E+1	09.04.2021-15:26:58
89.061	2.735719E+9	-7.695000E+0	09.04.2021-15:26:58
89.262	2.735953E+9	-1.170500E+1	09.04.2021-15:26:59
89.462	2.736109E+9	-1.172200E+1	09.04.2021-15:26:59
89.663	2.736265E+9	-1.168100E+1	09.04.2021-15:26:59
89.864	2.736265E+9	-1.168100E+1	09.04.2021-15:26:59
90.064	2.736265E+9	-7.111000E+0	09.04.2021-15:26:59
90.265	2.736498E+9	-1.154000E+1	09.04.2021-15:26:59
90.465	2.736732E+9	-1.170500E+1	09.04.2021-15:26:59
90.666	2.736732E+9	-1.170500E+1	09.04.2021-15:26:59
90.866	2.737043E+9	-1.166900E+1	09.04.2021-15:27:00
91.067	2.737043E+9	-1.166900E+1	09.04.2021-15:27:00
91.268	2.737043E+9	-6.919000E+0	09.04.2021-15:27:00
91.468	2.737277E+9	-1.154800E+1	09.04.2021-15:27:00
91.669	2.737433E+9	-1.163300E+1	09.04.2021-15:27:00
91.869	2.737589E+9	-1.170900E+1	09.04.2021-15:27:00
92.070	2.737589E+9	-1.170900E+1	09.04.2021-15:27:00
92.271	2.737822E+9	-1.154000E+1	09.04.2021-15:27:00
92.471	2.737822E+9	-1.154000E+1	09.04.2021-15:27:01
92.672	2.738056E+9	-1.169000E+1	09.04.2021-15:27:01
92.872	2.738056E+9	-1.169000E+1	09.04.2021-15:27:01
93.073	2.738212E+9	-1.153900E+1	09.04.2021-15:27:01
93.274	2.738212E+9	-1.153900E+1	09.04.2021-15:27:01
93.474	2.738368E+9	-1.167800E+1	09.04.2021-15:27:01
93.675	2.738368E+9	-1.167800E+1	09.04.2021-15:27:01
93.875	2.738523E+9	-1.167300E+1	09.04.2021-15:27:01
94.076	2.738523E+9	-1.167300E+1	09.04.2021-15:27:01
94.276	2.738679E+9	-1.165600E+1	09.04.2021-15:27:02
94.477	2.738679E+9	-1.165600E+1	09.04.2021-15:27:02
94.678	2.738757E+9	-1.160400E+1	09.04.2021-15:27:02
94.878	2.738757E+9	-1.160400E+1	09.04.2021-15:27:02
95.079	2.738835E+9	-1.166700E+1	09.04.2021-15:27:02
95.279	2.738913E+9	-1.149800E+1	09.04.2021-15:27:02
95.480	2.738913E+9	-1.149800E+1	09.04.2021-15:27:02
95.681	2.738991E+9	-1.146300E+1	09.04.2021-15:27:02
95.881	2.738991E+9	-1.146300E+1	09.04.2021-15:27:03
96.082	2.739069E+9	-1.165000E+1	09.04.2021-15:27:03
96.282	2.739069E+9	-1.165000E+1	09.04.2021-15:27:03
96.483	2.739147E+9	-1.155300E+1	09.04.2021-15:27:03
96.684	2.739147E+9	-1.155300E+1	09.04.2021-15:27:03
96.884	2.739147E+9	-1.166300E+1	09.04.2021-15:27:03
97.085	2.739147E+9	-1.166300E+1	09.04.2021-15:27:03
97.285	2.739225E+9	-1.152600E+1	09.04.2021-15:27:03
97.486	2.739225E+9	-1.160100E+1	09.04.2021-15:27:04
97.686	2.739225E+9	-1.160100E+1	09.04.2021-15:27:04
97.887	2.739225E+9	-1.167900E+1	09.04.2021-15:27:04
98.088	2.739225E+9	-1.167900E+1	09.04.2021-15:27:04
98.288	2.739225E+9	-1.163300E+1	09.04.2021-15:27:04
98.489	2.739225E+9	-1.163300E+1	09.04.2021-15:27:04
98.689	2.739225E+9	-1.159200E+1	09.04.2021-15:27:04
98.890	2.739225E+9	-1.150700E+1	09.04.2021-15:27:04
99.091	2.739225E+9	-1.150700E+1	09.04.2021-15:27:05
99.291	2.739225E+9	-1.150700E+1	09.04.2021-15:27:05
99.492	2.739225E+9	-1.142800E+1	09.04.2021-15:27:05
99.692	2.739225E+9	-1.142800E+1	09.04.2021-15:27:05
99.893	2.739302E+9	-1.147500E+1	09.04.2021-15:27:05
100.094	2.739302E+9	-1.147500E+1	09.04.2021-15:27:05
100.294	2.739302E+9	-1.150500E+1	09.04.2021-15:27:05
100.495	2.739302E+9	-1.150500E+1	09.04.2021-15:27:05
100.695	2.739302E+9	-1.152100E+1	09.04.2021-15:27:06
100.896	2.739302E+9	-1.152100E+1	09.04.2021-15:27:06
101.096	2.739302E+9	-1.153300E+1	09.04.2021-15:27:06
101.297	2.739302E+9	-1.153300E+1	09.04.2021-15:27:06
101.498	2.739302E+9	-1.155200E+1	09.04.2021-15:27:06
101.698	2.739302E+9	-1.155800E+1	09.04.2021-15:27:06
101.899	2.739302E+9	-1.155800E+1	09.04.2021-15:27:06
102.099	2.739302E+9	-1.155300E+1	09.04.2021-15:27:06
102.300	2.739302E+9	-1.155300E+1	09.04.2021-15:27:07
102.501	2.739302E+9	-1.158100E+1	09.04.2021-15:27:07
102.701	2.739302E+9	-1.158100E+1	09.04.2021-15:27:07
102.902	2.739302E+9	-1.154900E+1	09.04.2021-15:27:07
103.102	2.739302E+9	-1.154900E+1	09.04.2021-15:27:07
103.303	2.739302E+9	-1.158300E+1	09.04.2021-15:27:07
103.504	2.739302E+9	-1.157400E+1	09.04.2021-15:27:07
103.704	2.739302E+9	-1.157400E+1	09.04.2021-15:27:07
103.905	2.739302E+9	-1.157400E+1	09.04.2021-15:27:08
104.105	2.739302E+9	-1.157500E+1	09.04.2021-15:27:08
104.306	2.739302E+9	-1.157500E+1	09.04.2021-15:27:08
104.506	2.739302E+9	-1.155900E+1	09.04.2021-15:27:08
104.707	2.739302E+9	-1.156200E+1	09.04.2021-15:27:08
104.908	2.739302E+9	-1.156200E+1	09.04.2021-15:27:08
105.108	2.739302E+9	-1.157900E+1	09.04.2021-15:27:08
105.309	2.739302E+9	-1.157900E+1	09.04.2021-15:27:08
105.509	2.739302E+9	-1.156800E+1	09.04.2021-15:27:08
105.710	2.739302E+9	-1.156800E+1	09.04.2021-15:27:09
105.911	2.739302E+9	-1.157200E+1	09.04.2021-15:27:09
106.111	2.739302E+9	-1.157200E+1	09.04.2021-15:27:09
106.312	2.739302E+9	-1.162200E+1	09.04.2021-15:27:09
106.512	2.739302E+9	-1.162200E+1	09.04.2021-15:27:09
106.713	2.739302E+9	-1.156000E+1	09.04.2021-15:27:09
106.914	2.739302E+9	-1.156000E+1	09.04.2021-15:27:09
107.114	2.739302E+9	-1.158700E+1	09.04.2021-15:27:09
107.315	2.739302E+9	-1.158700E+1	09.04.2021-15:27:10
107.515	2.739302E+9	-1.155100E+1	09.04.2021-15:27:10
107.716	2.739302E+9	-1.155100E+1	09.04.2021-15:27:10
107.916	2.739302E+9	-1.157900E+1	09.04.2021-15:27:10
108.117	2.739302E+9	-1.157900E+1	09.04.2021-15:27:10
108.318	2.739302E+9	-1.156600E+1	09.04.2021-15:27:10
108.518	2.739302E+9	-1.156600E+1	09.04.2021-15:27:10
108.719	2.739302E+9	-1.157600E+1	09.04.2021-15:27:10
108.919	2.739302E+9	-1.156700E+1	09.04.2021-15:27:11
109.120	2.739302E+9	-1.158600E+1	09.04.2021-15:27:11
109.321	2.739302E+9	-1.158600E+1	09.04.2021-15:27:11
109.521	2.739302E+9	-1.156400E+1	09.04.2021-15:27:11
109.722	2.739302E+9	-1.158800E+1	09.04.2021-15:27:11
109.922	2.739302E+9	-1.156000E+1	09.04.2021-15:27:11
110.123	2.739302E+9	-1.156000E+1	09.04.2021-15:27:11
