#Abstand (mm)	Hz	     dB	      Zeitpunkt
0.000	2.739302E+9	-1.155900E+1	09.04.2021-15:24:20
0.498	2.739302E+9	-1.155900E+1	09.04.2021-15:24:20
0.996	2.739302E+9	-1.153600E+1	09.04.2021-15:24:20
1.495	2.739302E+9	-1.153600E+1	09.04.2021-15:24:20
1.993	2.739302E+9	-1.151600E+1	09.04.2021-15:24:20
2.491	2.739302E+9	-1.151600E+1	09.04.2021-15:24:20
2.989	2.739302E+9	-1.156000E+1	09.04.2021-15:24:21
3.488	2.739302E+9	-1.156000E+1	09.04.2021-15:24:21
3.986	2.739302E+9	-1.153700E+1	09.04.2021-15:24:21
4.484	2.739302E+9	-1.153700E+1	09.04.2021-15:24:21
4.982	2.739302E+9	-1.151300E+1	09.04.2021-15:24:21
5.481	2.739302E+9	-1.151300E+1	09.04.2021-15:24:21
5.979	2.739302E+9	-1.153200E+1	09.04.2021-15:24:21
6.477	2.739302E+9	-1.153200E+1	09.04.2021-15:24:21
6.975	2.739302E+9	-1.154900E+1	09.04.2021-15:24:21
7.474	2.739302E+9	-1.154900E+1	09.04.2021-15:24:22
7.972	2.739302E+9	-1.154000E+1	09.04.2021-15:24:22
8.470	2.739302E+9	-1.154000E+1	09.04.2021-15:24:22
8.968	2.739302E+9	-1.153500E+1	09.04.2021-15:24:22
9.466	2.739302E+9	-1.153500E+1	09.04.2021-15:24:22
9.965	2.739302E+9	-1.153900E+1	09.04.2021-15:24:22
10.463	2.739302E+9	-1.153200E+1	09.04.2021-15:24:22
10.961	2.739302E+9	-1.154200E+1	09.04.2021-15:24:22
11.459	2.739302E+9	-1.154200E+1	09.04.2021-15:24:23
11.958	2.739302E+9	-1.151300E+1	09.04.2021-15:24:23
12.456	2.739302E+9	-1.151300E+1	09.04.2021-15:24:23
12.954	2.739302E+9	-1.151300E+1	09.04.2021-15:24:23
13.452	2.739302E+9	-1.148300E+1	09.04.2021-15:24:23
13.951	2.739302E+9	-1.148300E+1	09.04.2021-15:24:23
14.449	2.739302E+9	-1.147600E+1	09.04.2021-15:24:23
14.947	2.739302E+9	-1.147600E+1	09.04.2021-15:24:24
15.445	2.739302E+9	-1.142600E+1	09.04.2021-15:24:24
15.944	2.739302E+9	-1.142600E+1	09.04.2021-15:24:24
16.442	2.739225E+9	-1.153000E+1	09.04.2021-15:24:24
16.940	2.739225E+9	-1.153000E+1	09.04.2021-15:24:24
17.438	2.739225E+9	-1.165500E+1	09.04.2021-15:24:24
17.936	2.739225E+9	-1.165500E+1	09.04.2021-15:24:24
18.435	2.739147E+9	-1.159700E+1	09.04.2021-15:24:24
18.933	2.739147E+9	-1.159700E+1	09.04.2021-15:24:24
19.431	2.739069E+9	-1.156700E+1	09.04.2021-15:24:25
19.929	2.739069E+9	-1.156700E+1	09.04.2021-15:24:25
20.428	2.739069E+9	-1.156700E+1	09.04.2021-15:24:25
20.926	2.738757E+9	-1.170900E+1	09.04.2021-15:24:25
21.424	2.738757E+9	-1.170900E+1	09.04.2021-15:24:25
21.922	2.738446E+9	-1.161500E+1	09.04.2021-15:24:25
22.421	2.738446E+9	-1.161500E+1	09.04.2021-15:24:25
22.919	2.737900E+9	-1.166000E+1	09.04.2021-15:24:25
23.417	2.737433E+9	-1.187400E+1	09.04.2021-15:24:26
23.915	2.737433E+9	-1.187400E+1	09.04.2021-15:24:26
24.414	2.736888E+9	-1.178200E+1	09.04.2021-15:24:26
24.912	2.736888E+9	-1.178200E+1	09.04.2021-15:24:26
25.410	2.736888E+9	-1.178200E+1	09.04.2021-15:24:26
25.908	2.736265E+9	-1.200100E+1	09.04.2021-15:24:26
26.406	2.736265E+9	-3.934000E+0	09.04.2021-15:24:26
26.905	2.735719E+9	-1.206000E+1	09.04.2021-15:24:26
27.403	2.735252E+9	-1.204600E+1	09.04.2021-15:24:26
27.901	2.734940E+9	-1.203200E+1	09.04.2021-15:24:27
28.399	2.734940E+9	-1.203200E+1	09.04.2021-15:24:27
28.898	2.734551E+9	-1.207400E+1	09.04.2021-15:24:27
29.396	2.734551E+9	-1.207400E+1	09.04.2021-15:24:27
29.894	2.734317E+9	-1.190000E+1	09.04.2021-15:24:27
30.392	2.734317E+9	-1.190000E+1	09.04.2021-15:24:27
30.891	2.734317E+9	-1.190000E+1	09.04.2021-15:24:27
31.389	2.734006E+9	-1.194700E+1	09.04.2021-15:24:27
31.887	2.733850E+9	-1.198300E+1	09.04.2021-15:24:28
32.385	2.733850E+9	-1.198300E+1	09.04.2021-15:24:28
32.884	2.733850E+9	-1.198300E+1	09.04.2021-15:24:28
33.382	2.733694E+9	-1.198900E+1	09.04.2021-15:24:28
33.880	2.733694E+9	-1.198900E+1	09.04.2021-15:24:28
34.378	2.733538E+9	-1.213400E+1	09.04.2021-15:24:28
34.876	2.733460E+9	-1.212200E+1	09.04.2021-15:24:28
35.375	2.733460E+9	-1.212200E+1	09.04.2021-15:24:28
35.873	2.733382E+9	-1.212500E+1	09.04.2021-15:24:29
36.371	2.733382E+9	-1.212500E+1	09.04.2021-15:24:29
36.869	2.733304E+9	-1.200500E+1	09.04.2021-15:24:29
37.368	2.733304E+9	-1.209900E+1	09.04.2021-15:24:29
37.866	2.733304E+9	-1.209900E+1	09.04.2021-15:24:29
38.364	2.733304E+9	-1.199400E+1	09.04.2021-15:24:29
38.862	2.733304E+9	-1.199400E+1	09.04.2021-15:24:29
39.361	2.733227E+9	-1.206500E+1	09.04.2021-15:24:29
39.859	2.733227E+9	-1.206500E+1	09.04.2021-15:24:30
40.357	2.733227E+9	-1.210200E+1	09.04.2021-15:24:30
40.855	2.733227E+9	-1.205400E+1	09.04.2021-15:24:30
41.354	2.733227E+9	-1.205400E+1	09.04.2021-15:24:30
41.852	2.733227E+9	-1.197400E+1	09.04.2021-15:24:30
42.350	2.733227E+9	-1.197400E+1	09.04.2021-15:24:30
42.848	2.733227E+9	-1.192400E+1	09.04.2021-15:24:30
43.346	2.733227E+9	-1.192400E+1	09.04.2021-15:24:30
43.845	2.733227E+9	-1.192400E+1	09.04.2021-15:24:31
44.343	2.733227E+9	-1.182100E+1	09.04.2021-15:24:31
44.841	2.733149E+9	-1.182300E+1	09.04.2021-15:24:31
45.339	2.733149E+9	-1.182300E+1	09.04.2021-15:24:31
45.838	2.733227E+9	-1.178800E+1	09.04.2021-15:24:31
46.336	2.733227E+9	-1.178800E+1	09.04.2021-15:24:31
46.834	2.733227E+9	-1.180000E+1	09.04.2021-15:24:31
47.332	2.733227E+9	-1.180000E+1	09.04.2021-15:24:31
47.831	2.733227E+9	-1.192300E+1	09.04.2021-15:24:32
48.329	2.733227E+9	-1.192300E+1	09.04.2021-15:24:32
48.827	2.733227E+9	-1.189200E+1	09.04.2021-15:24:32
49.325	2.733227E+9	-1.189200E+1	09.04.2021-15:24:32
49.824	2.733227E+9	-1.192800E+1	09.04.2021-15:24:32
50.322	2.733227E+9	-1.194100E+1	09.04.2021-15:24:32
50.820	2.733227E+9	-1.194100E+1	09.04.2021-15:24:32
51.318	2.733227E+9	-1.187500E+1	09.04.2021-15:24:32
51.816	2.733227E+9	-1.187500E+1	09.04.2021-15:24:33
52.315	2.733227E+9	-1.178400E+1	09.04.2021-15:24:33
52.813	2.733227E+9	-1.170600E+1	09.04.2021-15:24:33
53.311	2.733227E+9	-1.170600E+1	09.04.2021-15:24:33
53.809	2.733227E+9	-1.172800E+1	09.04.2021-15:24:33
54.308	2.733227E+9	-1.172800E+1	09.04.2021-15:24:33
54.806	2.733227E+9	-1.162100E+1	09.04.2021-15:24:33
55.304	2.733304E+9	-1.160800E+1	09.04.2021-15:24:33
55.802	2.733304E+9	-1.158600E+1	09.04.2021-15:24:34
56.301	2.733304E+9	-1.158600E+1	09.04.2021-15:24:34
56.799	2.733304E+9	-1.158600E+1	09.04.2021-15:24:34
57.297	2.733304E+9	-1.171700E+1	09.04.2021-15:24:34
57.795	2.733304E+9	-1.161700E+1	09.04.2021-15:24:34
58.294	2.733304E+9	-1.161700E+1	09.04.2021-15:24:34
58.792	2.733227E+9	-1.155000E+1	09.04.2021-15:24:34
59.290	2.733227E+9	-1.155300E+1	09.04.2021-15:24:34
59.788	2.733227E+9	-1.155300E+1	09.04.2021-15:24:35
60.286	2.733227E+9	-1.160900E+1	09.04.2021-15:24:35
60.785	2.733227E+9	-1.160900E+1	09.04.2021-15:24:35
61.283	2.733227E+9	-1.169400E+1	09.04.2021-15:24:35
61.781	2.733227E+9	-1.169400E+1	09.04.2021-15:24:35
62.279	2.733227E+9	-1.166500E+1	09.04.2021-15:24:35
62.778	2.733227E+9	-1.169200E+1	09.04.2021-15:24:35
63.276	2.733227E+9	-1.169200E+1	09.04.2021-15:24:35
63.774	2.733227E+9	-1.162600E+1	09.04.2021-15:24:36
64.272	2.733227E+9	-1.162600E+1	09.04.2021-15:24:36
64.771	2.733227E+9	-1.160500E+1	09.04.2021-15:24:36
65.269	2.733227E+9	-1.160500E+1	09.04.2021-15:24:36
65.767	2.733227E+9	-1.148900E+1	09.04.2021-15:24:36
66.265	2.733227E+9	-1.148900E+1	09.04.2021-15:24:36
66.764	2.733227E+9	-1.144800E+1	09.04.2021-15:24:36
67.262	2.733227E+9	-1.144800E+1	09.04.2021-15:24:36
67.760	2.733227E+9	-1.145600E+1	09.04.2021-15:24:37
68.258	2.733227E+9	-1.145600E+1	09.04.2021-15:24:37
68.756	2.733149E+9	-1.147500E+1	09.04.2021-15:24:37
69.255	2.733149E+9	-1.147500E+1	09.04.2021-15:24:37
69.753	2.733149E+9	-1.148300E+1	09.04.2021-15:24:37
70.251	2.733149E+9	-1.148300E+1	09.04.2021-15:24:37
70.749	2.733149E+9	-1.147300E+1	09.04.2021-15:24:37
71.248	2.733149E+9	-1.147300E+1	09.04.2021-15:24:37
71.746	2.733149E+9	-1.154200E+1	09.04.2021-15:24:38
72.244	2.733149E+9	-1.154200E+1	09.04.2021-15:24:38
72.742	2.733227E+9	-1.153400E+1	09.04.2021-15:24:38
73.241	2.733227E+9	-1.153400E+1	09.04.2021-15:24:38
73.739	2.733227E+9	-1.159200E+1	09.04.2021-15:24:38
74.237	2.733227E+9	-1.162500E+1	09.04.2021-15:24:38
74.735	2.733227E+9	-1.162500E+1	09.04.2021-15:24:38
75.234	2.733227E+9	-1.165000E+1	09.04.2021-15:24:38
75.732	2.733227E+9	-1.165000E+1	09.04.2021-15:24:39
76.230	2.733227E+9	-1.156600E+1	09.04.2021-15:24:39
76.728	2.733227E+9	-1.156600E+1	09.04.2021-15:24:39
77.226	2.733304E+9	-1.156100E+1	09.04.2021-15:24:39
77.725	2.733304E+9	-1.156100E+1	09.04.2021-15:24:39
78.223	2.733304E+9	-1.165100E+1	09.04.2021-15:24:39
78.721	2.733304E+9	-1.148600E+1	09.04.2021-15:24:39
79.219	2.733304E+9	-1.148600E+1	09.04.2021-15:24:39
79.718	2.733382E+9	-1.165600E+1	09.04.2021-15:24:40
80.216	2.733382E+9	-1.165600E+1	09.04.2021-15:24:40
80.714	2.733460E+9	-1.164000E+1	09.04.2021-15:24:40
81.212	2.733460E+9	-1.164000E+1	09.04.2021-15:24:40
81.711	2.733538E+9	-1.160900E+1	09.04.2021-15:24:40
82.209	2.733616E+9	-1.165800E+1	09.04.2021-15:24:40
82.707	2.733616E+9	-1.165800E+1	09.04.2021-15:24:40
83.205	2.733694E+9	-1.154400E+1	09.04.2021-15:24:40
83.704	2.733694E+9	-8.534000E+0	09.04.2021-15:24:41
84.202	2.733850E+9	-1.147800E+1	09.04.2021-15:24:41
84.700	2.734006E+9	-1.164400E+1	09.04.2021-15:24:41
85.198	2.734006E+9	-1.164400E+1	09.04.2021-15:24:41
85.696	2.734239E+9	-1.164200E+1	09.04.2021-15:24:41
86.195	2.734239E+9	-1.164200E+1	09.04.2021-15:24:41
86.693	2.734551E+9	-1.168200E+1	09.04.2021-15:24:41
87.191	2.734784E+9	-1.155700E+1	09.04.2021-15:24:41
87.689	2.734784E+9	-1.155700E+1	09.04.2021-15:24:42
88.188	2.734784E+9	-6.096000E+0	09.04.2021-15:24:42
88.686	2.735096E+9	-1.167800E+1	09.04.2021-15:24:42
89.184	2.735486E+9	-7.676000E+0	09.04.2021-15:24:42
89.682	2.735719E+9	-1.175400E+1	09.04.2021-15:24:42
90.181	2.736187E+9	-1.166200E+1	09.04.2021-15:24:42
90.679	2.736654E+9	-1.175900E+1	09.04.2021-15:24:42
91.177	2.736654E+9	-1.175900E+1	09.04.2021-15:24:42
91.675	2.737355E+9	-1.173200E+1	09.04.2021-15:24:43
92.174	2.737355E+9	-1.173200E+1	09.04.2021-15:24:43
92.672	2.737355E+9	-4.109000E+0	09.04.2021-15:24:43
93.170	2.737900E+9	-1.173200E+1	09.04.2021-15:24:43
93.668	2.738368E+9	-1.121600E+1	09.04.2021-15:24:43
94.166	2.738446E+9	-1.166300E+1	09.04.2021-15:24:43
94.665	2.738446E+9	-1.166300E+1	09.04.2021-15:24:43
95.163	2.738757E+9	-1.167900E+1	09.04.2021-15:24:43
95.661	2.738757E+9	-1.167900E+1	09.04.2021-15:24:44
96.159	2.738913E+9	-1.166900E+1	09.04.2021-15:24:44
96.658	2.739069E+9	-1.168500E+1	09.04.2021-15:24:44
97.156	2.739069E+9	-1.168500E+1	09.04.2021-15:24:44
97.654	2.739147E+9	-1.158300E+1	09.04.2021-15:24:44
98.152	2.739147E+9	-1.158300E+1	09.04.2021-15:24:44
98.651	2.739225E+9	-1.167100E+1	09.04.2021-15:24:44
99.149	2.739225E+9	-1.157800E+1	09.04.2021-15:24:44
99.647	2.739225E+9	-1.157800E+1	09.04.2021-15:24:45
100.145	2.739225E+9	-1.157800E+1	09.04.2021-15:24:45
100.644	2.739302E+9	-1.149100E+1	09.04.2021-15:24:45
101.142	2.739302E+9	-1.149100E+1	09.04.2021-15:24:45
101.640	2.739302E+9	-1.152300E+1	09.04.2021-15:24:45
102.138	2.739302E+9	-1.152300E+1	09.04.2021-15:24:45
102.636	2.739302E+9	-1.156700E+1	09.04.2021-15:24:45
103.135	2.739302E+9	-1.156700E+1	09.04.2021-15:24:45
103.633	2.739302E+9	-1.159000E+1	09.04.2021-15:24:46
104.131	2.739302E+9	-1.158500E+1	09.04.2021-15:24:46
104.629	2.739302E+9	-1.158500E+1	09.04.2021-15:24:46
105.128	2.739302E+9	-1.158800E+1	09.04.2021-15:24:46
105.626	2.739302E+9	-1.158800E+1	09.04.2021-15:24:46
106.124	2.739302E+9	-1.156500E+1	09.04.2021-15:24:46
106.622	2.739302E+9	-1.157300E+1	09.04.2021-15:24:46
107.121	2.739302E+9	-1.157300E+1	09.04.2021-15:24:46
107.619	2.739302E+9	-1.157300E+1	09.04.2021-15:24:46
108.117	2.739302E+9	-1.161000E+1	09.04.2021-15:24:47
108.615	2.739302E+9	-1.160300E+1	09.04.2021-15:24:47
109.114	2.739302E+9	-1.160300E+1	09.04.2021-15:24:47
109.612	2.739302E+9	-1.157900E+1	09.04.2021-15:24:47
110.110	2.739302E+9	-1.157900E+1	09.04.2021-15:24:47
