#Abstand (mm)	Hz	     dB	      Zeitpunkt
0.000	2.739302E+9	-1.160800E+1	09.04.2021-15:28:38
0.201	2.739302E+9	-1.157400E+1	09.04.2021-15:28:38
0.401	2.739302E+9	-1.157400E+1	09.04.2021-15:28:39
0.602	2.739302E+9	-1.157900E+1	09.04.2021-15:28:39
0.802	2.739302E+9	-1.157900E+1	09.04.2021-15:28:39
1.003	2.739302E+9	-1.162300E+1	09.04.2021-15:28:39
1.204	2.739302E+9	-1.162300E+1	09.04.2021-15:28:39
1.404	2.739302E+9	-1.161300E+1	09.04.2021-15:28:39
1.605	2.739302E+9	-1.156800E+1	09.04.2021-15:28:39
1.805	2.739302E+9	-1.156800E+1	09.04.2021-15:28:39
2.006	2.739302E+9	-1.158800E+1	09.04.2021-15:28:40
2.206	2.739302E+9	-1.158800E+1	09.04.2021-15:28:40
2.407	2.739302E+9	-1.160300E+1	09.04.2021-15:28:40
2.608	2.739302E+9	-1.160300E+1	09.04.2021-15:28:40
2.808	2.739302E+9	-1.159600E+1	09.04.2021-15:28:40
3.009	2.739302E+9	-1.159600E+1	09.04.2021-15:28:40
3.209	2.739302E+9	-1.159000E+1	09.04.2021-15:28:40
3.410	2.739302E+9	-1.159000E+1	09.04.2021-15:28:40
3.611	2.739302E+9	-1.160100E+1	09.04.2021-15:28:40
3.811	2.739302E+9	-1.160100E+1	09.04.2021-15:28:41
4.012	2.739302E+9	-1.158800E+1	09.04.2021-15:28:41
4.212	2.739302E+9	-1.158800E+1	09.04.2021-15:28:41
4.413	2.739302E+9	-1.163000E+1	09.04.2021-15:28:41
4.614	2.739302E+9	-1.163000E+1	09.04.2021-15:28:41
4.814	2.739302E+9	-1.159200E+1	09.04.2021-15:28:41
5.015	2.739302E+9	-1.159200E+1	09.04.2021-15:28:41
5.215	2.739302E+9	-1.159200E+1	09.04.2021-15:28:41
5.416	2.739302E+9	-1.159200E+1	09.04.2021-15:28:42
5.616	2.739302E+9	-1.159200E+1	09.04.2021-15:28:42
5.817	2.739302E+9	-1.160500E+1	09.04.2021-15:28:42
6.018	2.739302E+9	-1.160500E+1	09.04.2021-15:28:42
6.218	2.739302E+9	-1.158300E+1	09.04.2021-15:28:42
6.419	2.739302E+9	-1.158300E+1	09.04.2021-15:28:42
6.619	2.739302E+9	-1.158400E+1	09.04.2021-15:28:42
6.820	2.739302E+9	-1.158400E+1	09.04.2021-15:28:42
7.021	2.739302E+9	-1.160200E+1	09.04.2021-15:28:42
7.221	2.739302E+9	-1.160200E+1	09.04.2021-15:28:43
7.422	2.739302E+9	-1.159600E+1	09.04.2021-15:28:43
7.622	2.739302E+9	-1.159600E+1	09.04.2021-15:28:43
7.823	2.739302E+9	-1.160700E+1	09.04.2021-15:28:43
8.024	2.739302E+9	-1.160700E+1	09.04.2021-15:28:43
8.224	2.739302E+9	-1.159400E+1	09.04.2021-15:28:43
8.425	2.739302E+9	-1.159400E+1	09.04.2021-15:28:43
8.625	2.739302E+9	-1.159200E+1	09.04.2021-15:28:43
8.826	2.739302E+9	-1.161300E+1	09.04.2021-15:28:44
9.026	2.739302E+9	-1.161300E+1	09.04.2021-15:28:44
9.227	2.739302E+9	-1.159100E+1	09.04.2021-15:28:44
9.428	2.739302E+9	-1.159100E+1	09.04.2021-15:28:44
9.628	2.739302E+9	-1.159100E+1	09.04.2021-15:28:44
9.829	2.739302E+9	-1.159800E+1	09.04.2021-15:28:44
10.029	2.739302E+9	-1.160700E+1	09.04.2021-15:28:44
10.230	2.739302E+9	-1.160700E+1	09.04.2021-15:28:44
10.431	2.739302E+9	-1.160700E+1	09.04.2021-15:28:45
10.631	2.739302E+9	-1.161100E+1	09.04.2021-15:28:45
10.832	2.739302E+9	-1.157900E+1	09.04.2021-15:28:45
11.032	2.739302E+9	-1.157900E+1	09.04.2021-15:28:45
11.233	2.739302E+9	-1.157900E+1	09.04.2021-15:28:45
11.434	2.739302E+9	-1.162100E+1	09.04.2021-15:28:45
11.634	2.739302E+9	-1.162100E+1	09.04.2021-15:28:45
11.835	2.739302E+9	-1.160000E+1	09.04.2021-15:28:45
12.035	2.739302E+9	-1.160000E+1	09.04.2021-15:28:46
12.236	2.739302E+9	-1.159500E+1	09.04.2021-15:28:46
12.436	2.739302E+9	-1.159500E+1	09.04.2021-15:28:46
12.637	2.739302E+9	-1.160600E+1	09.04.2021-15:28:46
12.838	2.739302E+9	-1.160600E+1	09.04.2021-15:28:46
13.038	2.739302E+9	-1.158200E+1	09.04.2021-15:28:46
13.239	2.739302E+9	-1.158200E+1	09.04.2021-15:28:46
13.439	2.739302E+9	-1.161800E+1	09.04.2021-15:28:46
13.640	2.739302E+9	-1.161800E+1	09.04.2021-15:28:46
13.841	2.739302E+9	-1.159100E+1	09.04.2021-15:28:47
14.041	2.739302E+9	-1.159100E+1	09.04.2021-15:28:47
14.242	2.739302E+9	-1.161700E+1	09.04.2021-15:28:47
14.442	2.739302E+9	-1.159000E+1	09.04.2021-15:28:47
14.643	2.739302E+9	-1.159000E+1	09.04.2021-15:28:47
14.844	2.739302E+9	-1.160800E+1	09.04.2021-15:28:47
15.044	2.739302E+9	-1.160800E+1	09.04.2021-15:28:47
15.245	2.739302E+9	-1.159800E+1	09.04.2021-15:28:47
15.445	2.739302E+9	-1.159800E+1	09.04.2021-15:28:48
15.646	2.739302E+9	-1.160500E+1	09.04.2021-15:28:48
15.846	2.739302E+9	-1.160500E+1	09.04.2021-15:28:48
16.047	2.739302E+9	-1.158200E+1	09.04.2021-15:28:48
16.248	2.739302E+9	-1.158700E+1	09.04.2021-15:28:48
16.448	2.739302E+9	-1.158700E+1	09.04.2021-15:28:48
16.649	2.739302E+9	-1.158700E+1	09.04.2021-15:28:48
16.849	2.739302E+9	-1.157900E+1	09.04.2021-15:28:48
17.050	2.739302E+9	-1.157900E+1	09.04.2021-15:28:49
17.251	2.739302E+9	-1.158400E+1	09.04.2021-15:28:49
17.451	2.739302E+9	-1.158400E+1	09.04.2021-15:28:49
17.652	2.739302E+9	-1.159800E+1	09.04.2021-15:28:49
17.852	2.739302E+9	-1.159800E+1	09.04.2021-15:28:49
18.053	2.739302E+9	-1.157700E+1	09.04.2021-15:28:49
18.254	2.739302E+9	-1.157700E+1	09.04.2021-15:28:49
18.454	2.739302E+9	-1.157800E+1	09.04.2021-15:28:49
18.655	2.739302E+9	-1.157800E+1	09.04.2021-15:28:50
18.855	2.739302E+9	-1.154600E+1	09.04.2021-15:28:50
19.056	2.739302E+9	-1.154600E+1	09.04.2021-15:28:50
19.256	2.739302E+9	-1.153900E+1	09.04.2021-15:28:50
19.457	2.739302E+9	-1.153900E+1	09.04.2021-15:28:50
19.658	2.739302E+9	-1.153200E+1	09.04.2021-15:28:50
19.858	2.739302E+9	-1.153300E+1	09.04.2021-15:28:50
20.059	2.739302E+9	-1.153300E+1	09.04.2021-15:28:50
20.259	2.739302E+9	-1.150600E+1	09.04.2021-15:28:50
20.460	2.739302E+9	-1.150600E+1	09.04.2021-15:28:51
20.661	2.739225E+9	-1.147900E+1	09.04.2021-15:28:51
20.861	2.739225E+9	-1.147900E+1	09.04.2021-15:28:51
21.062	2.739225E+9	-1.150900E+1	09.04.2021-15:28:51
21.262	2.739225E+9	-1.150900E+1	09.04.2021-15:28:51
21.463	2.739225E+9	-1.156800E+1	09.04.2021-15:28:51
21.664	2.739225E+9	-1.156800E+1	09.04.2021-15:28:51
21.864	2.739225E+9	-1.164200E+1	09.04.2021-15:28:51
22.065	2.739225E+9	-1.164200E+1	09.04.2021-15:28:52
22.265	2.739225E+9	-1.166500E+1	09.04.2021-15:28:52
22.466	2.739225E+9	-1.167300E+1	09.04.2021-15:28:52
22.666	2.739225E+9	-1.167300E+1	09.04.2021-15:28:52
22.867	2.739225E+9	-1.165300E+1	09.04.2021-15:28:52
23.068	2.739225E+9	-1.165300E+1	09.04.2021-15:28:52
23.268	2.739225E+9	-1.161100E+1	09.04.2021-15:28:52
23.469	2.739225E+9	-1.141800E+1	09.04.2021-15:28:52
23.669	2.739147E+9	-1.154600E+1	09.04.2021-15:28:53
23.870	2.739147E+9	-1.154600E+1	09.04.2021-15:28:53
24.071	2.739147E+9	-1.168400E+1	09.04.2021-15:28:53
24.271	2.739147E+9	-1.167800E+1	09.04.2021-15:28:53
24.472	2.739147E+9	-1.156600E+1	09.04.2021-15:28:53
24.672	2.739147E+9	-1.156600E+1	09.04.2021-15:28:53
24.873	2.739147E+9	-1.156600E+1	09.04.2021-15:28:53
25.074	2.739069E+9	-1.160500E+1	09.04.2021-15:28:53
25.274	2.739069E+9	-1.160500E+1	09.04.2021-15:28:54
25.475	2.739069E+9	-1.171900E+1	09.04.2021-15:28:54
25.675	2.739069E+9	-1.171900E+1	09.04.2021-15:28:54
25.876	2.738991E+9	-1.158900E+1	09.04.2021-15:28:54
26.076	2.738991E+9	-1.158900E+1	09.04.2021-15:28:54
26.277	2.738991E+9	-1.170500E+1	09.04.2021-15:28:54
26.478	2.738991E+9	-1.166600E+1	09.04.2021-15:28:54
26.678	2.738991E+9	-1.166600E+1	09.04.2021-15:28:54
26.879	2.738913E+9	-1.152300E+1	09.04.2021-15:28:55
27.079	2.738913E+9	-1.152300E+1	09.04.2021-15:28:55
27.280	2.738913E+9	-1.172200E+1	09.04.2021-15:28:55
27.481	2.738913E+9	-1.172200E+1	09.04.2021-15:28:55
27.681	2.738835E+9	-1.152600E+1	09.04.2021-15:28:55
27.882	2.738835E+9	-1.167700E+1	09.04.2021-15:28:55
28.082	2.738835E+9	-1.167700E+1	09.04.2021-15:28:55
28.283	2.738835E+9	-1.167700E+1	09.04.2021-15:28:55
28.484	2.738835E+9	-1.170200E+1	09.04.2021-15:28:56
28.684	2.738835E+9	-1.154900E+1	09.04.2021-15:28:56
28.885	2.738835E+9	-1.154900E+1	09.04.2021-15:28:56
29.085	2.738757E+9	-1.170400E+1	09.04.2021-15:28:56
29.286	2.738757E+9	-1.170400E+1	09.04.2021-15:28:56
29.486	2.738757E+9	-1.171900E+1	09.04.2021-15:28:56
29.687	2.738757E+9	-1.171900E+1	09.04.2021-15:28:56
29.888	2.738757E+9	-1.165600E+1	09.04.2021-15:28:56
30.088	2.738757E+9	-1.165600E+1	09.04.2021-15:28:56
30.289	2.738679E+9	-1.157300E+1	09.04.2021-15:28:57
30.489	2.738679E+9	-1.157300E+1	09.04.2021-15:28:57
30.690	2.738679E+9	-1.174700E+1	09.04.2021-15:28:57
30.891	2.738679E+9	-1.174900E+1	09.04.2021-15:28:57
31.091	2.738679E+9	-1.174900E+1	09.04.2021-15:28:57
31.292	2.738679E+9	-1.172800E+1	09.04.2021-15:28:57
31.492	2.738679E+9	-1.172800E+1	09.04.2021-15:28:57
31.693	2.738679E+9	-1.162100E+1	09.04.2021-15:28:57
31.894	2.738679E+9	-1.162100E+1	09.04.2021-15:28:58
32.094	2.738601E+9	-1.157400E+1	09.04.2021-15:28:58
32.295	2.738601E+9	-1.157400E+1	09.04.2021-15:28:58
32.495	2.738601E+9	-1.170900E+1	09.04.2021-15:28:58
32.696	2.738601E+9	-1.170900E+1	09.04.2021-15:28:58
32.896	2.738601E+9	-1.175400E+1	09.04.2021-15:28:58
33.097	2.738601E+9	-1.175400E+1	09.04.2021-15:28:58
33.298	2.738601E+9	-1.176000E+1	09.04.2021-15:28:58
33.498	2.738601E+9	-1.176000E+1	09.04.2021-15:28:59
33.699	2.738601E+9	-1.177500E+1	09.04.2021-15:28:59
33.899	2.738601E+9	-1.176400E+1	09.04.2021-15:28:59
34.100	2.738601E+9	-1.176400E+1	09.04.2021-15:28:59
34.301	2.738601E+9	-1.169300E+1	09.04.2021-15:28:59
34.501	2.738601E+9	-1.169300E+1	09.04.2021-15:28:59
34.702	2.738601E+9	-1.166300E+1	09.04.2021-15:28:59
34.902	2.738601E+9	-1.166300E+1	09.04.2021-15:28:59
35.103	2.738601E+9	-1.166300E+1	09.04.2021-15:29:00
35.304	2.738601E+9	-1.163800E+1	09.04.2021-15:29:00
35.504	2.738601E+9	-1.163800E+1	09.04.2021-15:29:00
35.705	2.738601E+9	-1.158800E+1	09.04.2021-15:29:00
35.905	2.738523E+9	-1.154800E+1	09.04.2021-15:29:00
36.106	2.738523E+9	-1.154800E+1	09.04.2021-15:29:00
36.306	2.738523E+9	-1.160100E+1	09.04.2021-15:29:00
36.507	2.738523E+9	-1.160100E+1	09.04.2021-15:29:00
36.708	2.738523E+9	-1.160100E+1	09.04.2021-15:29:01
36.908	2.738523E+9	-1.160700E+1	09.04.2021-15:29:01
37.109	2.738523E+9	-1.160700E+1	09.04.2021-15:29:01
37.309	2.738523E+9	-1.165000E+1	09.04.2021-15:29:01
37.510	2.738523E+9	-1.165000E+1	09.04.2021-15:29:01
37.711	2.738523E+9	-1.166100E+1	09.04.2021-15:29:01
37.911	2.738523E+9	-1.166100E+1	09.04.2021-15:29:01
38.112	2.738523E+9	-1.168200E+1	09.04.2021-15:29:01
38.312	2.738523E+9	-1.168200E+1	09.04.2021-15:29:02
38.513	2.738523E+9	-1.170400E+1	09.04.2021-15:29:02
38.714	2.738523E+9	-1.168700E+1	09.04.2021-15:29:02
38.914	2.738523E+9	-1.168700E+1	09.04.2021-15:29:02
39.115	2.738523E+9	-1.168700E+1	09.04.2021-15:29:02
39.315	2.738523E+9	-1.171700E+1	09.04.2021-15:29:02
39.516	2.738523E+9	-1.174500E+1	09.04.2021-15:29:02
39.716	2.738523E+9	-1.174500E+1	09.04.2021-15:29:02
39.917	2.738523E+9	-1.173200E+1	09.04.2021-15:29:02
40.118	2.738523E+9	-1.173700E+1	09.04.2021-15:29:03
40.318	2.738523E+9	-1.173700E+1	09.04.2021-15:29:03
40.519	2.738523E+9	-1.172800E+1	09.04.2021-15:29:03
40.719	2.738523E+9	-1.172800E+1	09.04.2021-15:29:03
40.920	2.738523E+9	-1.172800E+1	09.04.2021-15:29:03
41.121	2.738523E+9	-1.174300E+1	09.04.2021-15:29:03
41.321	2.738523E+9	-1.174300E+1	09.04.2021-15:29:03
41.522	2.738523E+9	-1.173500E+1	09.04.2021-15:29:03
41.722	2.738523E+9	-1.173500E+1	09.04.2021-15:29:04
41.923	2.738523E+9	-1.177200E+1	09.04.2021-15:29:04
42.124	2.738523E+9	-1.177200E+1	09.04.2021-15:29:04
42.324	2.738523E+9	-1.173100E+1	09.04.2021-15:29:04
42.525	2.738523E+9	-1.173100E+1	09.04.2021-15:29:04
42.725	2.738523E+9	-1.178100E+1	09.04.2021-15:29:04
42.926	2.738523E+9	-1.176500E+1	09.04.2021-15:29:04
43.126	2.738523E+9	-1.176500E+1	09.04.2021-15:29:04
43.327	2.738523E+9	-1.174900E+1	09.04.2021-15:29:05
43.528	2.738523E+9	-1.174900E+1	09.04.2021-15:29:05
43.728	2.738523E+9	-1.175600E+1	09.04.2021-15:29:05
43.929	2.738523E+9	-1.173600E+1	09.04.2021-15:29:05
44.129	2.738523E+9	-1.173600E+1	09.04.2021-15:29:05
44.330	2.738523E+9	-1.175300E+1	09.04.2021-15:29:05
44.531	2.738523E+9	-1.175300E+1	09.04.2021-15:29:05
44.731	2.738523E+9	-1.175300E+1	09.04.2021-15:29:05
44.932	2.738523E+9	-1.176000E+1	09.04.2021-15:29:06
45.132	2.738523E+9	-1.177600E+1	09.04.2021-15:29:06
45.333	2.738523E+9	-1.177600E+1	09.04.2021-15:29:06
45.534	2.738523E+9	-1.176200E+1	09.04.2021-15:29:06
45.734	2.738523E+9	-1.174400E+1	09.04.2021-15:29:06
45.935	2.738523E+9	-1.174400E+1	09.04.2021-15:29:06
46.135	2.738523E+9	-1.174400E+1	09.04.2021-15:29:06
46.336	2.738523E+9	-1.174800E+1	09.04.2021-15:29:06
46.536	2.738523E+9	-1.175000E+1	09.04.2021-15:29:07
46.737	2.738523E+9	-1.175000E+1	09.04.2021-15:29:07
46.938	2.738523E+9	-1.173900E+1	09.04.2021-15:29:07
47.138	2.738523E+9	-1.176200E+1	09.04.2021-15:29:07
47.339	2.738523E+9	-1.176200E+1	09.04.2021-15:29:07
47.539	2.738523E+9	-1.173000E+1	09.04.2021-15:29:07
47.740	2.738523E+9	-1.173000E+1	09.04.2021-15:29:07
47.941	2.738523E+9	-1.173700E+1	09.04.2021-15:29:07
48.141	2.738523E+9	-1.173700E+1	09.04.2021-15:29:08
48.342	2.738523E+9	-1.173500E+1	09.04.2021-15:29:08
48.542	2.738523E+9	-1.173500E+1	09.04.2021-15:29:08
48.743	2.738523E+9	-1.175300E+1	09.04.2021-15:29:08
48.944	2.738523E+9	-1.171300E+1	09.04.2021-15:29:08
49.144	2.738523E+9	-1.171300E+1	09.04.2021-15:29:08
49.345	2.738523E+9	-1.171300E+1	09.04.2021-15:29:08
49.545	2.738523E+9	-1.171500E+1	09.04.2021-15:29:08
49.746	2.738523E+9	-1.171500E+1	09.04.2021-15:29:09
49.946	2.738523E+9	-1.173500E+1	09.04.2021-15:29:09
50.147	2.738523E+9	-1.173500E+1	09.04.2021-15:29:09
50.348	2.738523E+9	-1.170200E+1	09.04.2021-15:29:09
50.548	2.738523E+9	-1.170200E+1	09.04.2021-15:29:09
50.749	2.738523E+9	-1.174400E+1	09.04.2021-15:29:09
50.949	2.738523E+9	-1.174400E+1	09.04.2021-15:29:09
51.150	2.738523E+9	-1.172300E+1	09.04.2021-15:29:09
51.351	2.738523E+9	-1.174700E+1	09.04.2021-15:29:10
51.551	2.738523E+9	-1.174700E+1	09.04.2021-15:29:10
51.752	2.738523E+9	-1.174700E+1	09.04.2021-15:29:10
51.952	2.738523E+9	-1.170900E+1	09.04.2021-15:29:10
52.153	2.738523E+9	-1.170900E+1	09.04.2021-15:29:10
52.354	2.738523E+9	-1.172500E+1	09.04.2021-15:29:10
52.554	2.738523E+9	-1.172500E+1	09.04.2021-15:29:10
52.755	2.738523E+9	-1.173900E+1	09.04.2021-15:29:10
52.955	2.738523E+9	-1.173900E+1	09.04.2021-15:29:10
53.156	2.738523E+9	-1.170900E+1	09.04.2021-15:29:11
53.356	2.738523E+9	-1.171600E+1	09.04.2021-15:29:11
53.557	2.738523E+9	-1.171600E+1	09.04.2021-15:29:11
53.758	2.738523E+9	-1.171600E+1	09.04.2021-15:29:11
53.958	2.738523E+9	-1.170000E+1	09.04.2021-15:29:11
54.159	2.738523E+9	-1.170600E+1	09.04.2021-15:29:11
54.359	2.738523E+9	-1.170600E+1	09.04.2021-15:29:11
54.560	2.738523E+9	-1.170800E+1	09.04.2021-15:29:11
54.761	2.738523E+9	-1.170100E+1	09.04.2021-15:29:12
54.961	2.738523E+9	-1.170100E+1	09.04.2021-15:29:12
55.162	2.738523E+9	-1.170100E+1	09.04.2021-15:29:12
55.362	2.738523E+9	-1.167100E+1	09.04.2021-15:29:12
55.563	2.738523E+9	-1.170300E+1	09.04.2021-15:29:12
55.764	2.738523E+9	-1.170300E+1	09.04.2021-15:29:12
55.964	2.738523E+9	-1.167600E+1	09.04.2021-15:29:12
56.165	2.738523E+9	-1.168600E+1	09.04.2021-15:29:12
56.365	2.738523E+9	-1.168600E+1	09.04.2021-15:29:13
56.566	2.738523E+9	-1.168600E+1	09.04.2021-15:29:13
56.766	2.738523E+9	-1.170200E+1	09.04.2021-15:29:13
56.967	2.738523E+9	-1.170200E+1	09.04.2021-15:29:13
57.168	2.738523E+9	-1.169900E+1	09.04.2021-15:29:13
57.368	2.738523E+9	-1.169900E+1	09.04.2021-15:29:13
57.569	2.738523E+9	-1.168900E+1	09.04.2021-15:29:13
57.769	2.738523E+9	-1.168900E+1	09.04.2021-15:29:13
57.970	2.738523E+9	-1.169700E+1	09.04.2021-15:29:14
58.171	2.738523E+9	-1.169700E+1	09.04.2021-15:29:14
58.371	2.738523E+9	-1.171000E+1	09.04.2021-15:29:14
58.572	2.738523E+9	-1.171000E+1	09.04.2021-15:29:14
58.772	2.738523E+9	-1.167200E+1	09.04.2021-15:29:14
58.973	2.738523E+9	-1.167200E+1	09.04.2021-15:29:14
59.174	2.738523E+9	-1.168300E+1	09.04.2021-15:29:14
59.374	2.738523E+9	-1.168300E+1	09.04.2021-15:29:14
59.575	2.738523E+9	-1.167300E+1	09.04.2021-15:29:14
59.775	2.738523E+9	-1.167300E+1	09.04.2021-15:29:15
59.976	2.738523E+9	-1.166000E+1	09.04.2021-15:29:15
60.176	2.738523E+9	-1.167500E+1	09.04.2021-15:29:15
60.377	2.738523E+9	-1.167500E+1	09.04.2021-15:29:15
60.578	2.738523E+9	-1.168700E+1	09.04.2021-15:29:15
60.778	2.738523E+9	-1.168700E+1	09.04.2021-15:29:15
60.979	2.738523E+9	-1.167800E+1	09.04.2021-15:29:15
61.179	2.738523E+9	-1.167800E+1	09.04.2021-15:29:16
61.380	2.738523E+9	-1.169300E+1	09.04.2021-15:29:16
61.581	2.738523E+9	-1.169700E+1	09.04.2021-15:29:16
61.781	2.738523E+9	-1.169700E+1	09.04.2021-15:29:16
61.982	2.738523E+9	-1.169700E+1	09.04.2021-15:29:16
62.182	2.738523E+9	-1.168000E+1	09.04.2021-15:29:16
62.383	2.738523E+9	-1.166800E+1	09.04.2021-15:29:16
62.584	2.738523E+9	-1.166800E+1	09.04.2021-15:29:16
62.784	2.738523E+9	-1.168000E+1	09.04.2021-15:29:16
62.985	2.738523E+9	-1.168000E+1	09.04.2021-15:29:17
63.185	2.738523E+9	-1.169200E+1	09.04.2021-15:29:17
63.386	2.738523E+9	-1.168200E+1	09.04.2021-15:29:17
63.586	2.738523E+9	-1.168200E+1	09.04.2021-15:29:17
63.787	2.738523E+9	-1.169200E+1	09.04.2021-15:29:17
63.988	2.738523E+9	-1.169200E+1	09.04.2021-15:29:17
64.188	2.738523E+9	-1.169500E+1	09.04.2021-15:29:17
64.389	2.738523E+9	-1.169500E+1	09.04.2021-15:29:18
64.589	2.738523E+9	-1.168100E+1	09.04.2021-15:29:18
64.790	2.738523E+9	-1.168100E+1	09.04.2021-15:29:18
64.991	2.738523E+9	-1.171000E+1	09.04.2021-15:29:18
65.191	2.738523E+9	-1.171000E+1	09.04.2021-15:29:18
65.392	2.738523E+9	-1.169400E+1	09.04.2021-15:29:18
65.592	2.738523E+9	-1.169400E+1	09.04.2021-15:29:18
65.793	2.738523E+9	-1.170100E+1	09.04.2021-15:29:18
65.994	2.738523E+9	-1.170100E+1	09.04.2021-15:29:18
66.194	2.738523E+9	-1.165800E+1	09.04.2021-15:29:19
66.395	2.738523E+9	-1.165800E+1	09.04.2021-15:29:19
66.595	2.738523E+9	-1.171500E+1	09.04.2021-15:29:19
66.796	2.738523E+9	-1.171500E+1	09.04.2021-15:29:19
66.996	2.738523E+9	-1.171000E+1	09.04.2021-15:29:19
67.197	2.738523E+9	-1.171000E+1	09.04.2021-15:29:19
67.398	2.738523E+9	-1.169300E+1	09.04.2021-15:29:19
67.598	2.738523E+9	-1.169300E+1	09.04.2021-15:29:19
67.799	2.738523E+9	-1.170700E+1	09.04.2021-15:29:20
67.999	2.738523E+9	-1.170700E+1	09.04.2021-15:29:20
68.200	2.738523E+9	-1.169300E+1	09.04.2021-15:29:20
68.401	2.738523E+9	-1.169300E+1	09.04.2021-15:29:20
68.601	2.738523E+9	-1.167600E+1	09.04.2021-15:29:20
68.802	2.738523E+9	-1.167600E+1	09.04.2021-15:29:20
69.002	2.738523E+9	-1.170100E+1	09.04.2021-15:29:20
69.203	2.738523E+9	-1.167300E+1	09.04.2021-15:29:20
69.404	2.738523E+9	-1.167300E+1	09.04.2021-15:29:21
69.604	2.738523E+9	-1.167300E+1	09.04.2021-15:29:21
69.805	2.738523E+9	-1.167600E+1	09.04.2021-15:29:21
70.005	2.738523E+9	-1.168500E+1	09.04.2021-15:29:21
70.206	2.738523E+9	-1.168500E+1	09.04.2021-15:29:21
70.406	2.738523E+9	-1.167800E+1	09.04.2021-15:29:21
70.607	2.738523E+9	-1.167800E+1	09.04.2021-15:29:21
70.808	2.738523E+9	-1.167600E+1	09.04.2021-15:29:21
71.008	2.738523E+9	-1.167600E+1	09.04.2021-15:29:22
71.209	2.738523E+9	-1.168900E+1	09.04.2021-15:29:22
71.409	2.738523E+9	-1.171100E+1	09.04.2021-15:29:22
71.610	2.738523E+9	-1.171100E+1	09.04.2021-15:29:22
71.811	2.738523E+9	-1.171100E+1	09.04.2021-15:29:22
72.011	2.738523E+9	-1.167500E+1	09.04.2021-15:29:22
72.212	2.738523E+9	-1.167500E+1	09.04.2021-15:29:22
72.412	2.738523E+9	-1.167200E+1	09.04.2021-15:29:22
72.613	2.738523E+9	-1.167200E+1	09.04.2021-15:29:22
72.814	2.738523E+9	-1.170000E+1	09.04.2021-15:29:23
73.014	2.738523E+9	-1.170000E+1	09.04.2021-15:29:23
73.215	2.738523E+9	-1.165800E+1	09.04.2021-15:29:23
73.415	2.738523E+9	-1.166800E+1	09.04.2021-15:29:23
73.616	2.738523E+9	-1.166800E+1	09.04.2021-15:29:23
73.816	2.738523E+9	-1.166800E+1	09.04.2021-15:29:23
74.017	2.738523E+9	-1.168300E+1	09.04.2021-15:29:23
74.218	2.738523E+9	-1.168300E+1	09.04.2021-15:29:23
74.418	2.738523E+9	-1.165600E+1	09.04.2021-15:29:24
74.619	2.738523E+9	-1.166600E+1	09.04.2021-15:29:24
74.819	2.738523E+9	-1.166600E+1	09.04.2021-15:29:24
75.020	2.738523E+9	-1.163600E+1	09.04.2021-15:29:24
75.221	2.738523E+9	-1.163600E+1	09.04.2021-15:29:24
75.421	2.738523E+9	-1.162000E+1	09.04.2021-15:29:24
75.622	2.738523E+9	-1.162000E+1	09.04.2021-15:29:24
75.822	2.738523E+9	-1.162500E+1	09.04.2021-15:29:24
76.023	2.738523E+9	-1.162500E+1	09.04.2021-15:29:25
76.224	2.738523E+9	-1.161400E+1	09.04.2021-15:29:25
76.424	2.738523E+9	-1.161400E+1	09.04.2021-15:29:25
76.625	2.738523E+9	-1.161100E+1	09.04.2021-15:29:25
76.825	2.738523E+9	-1.159300E+1	09.04.2021-15:29:25
77.026	2.738523E+9	-1.159300E+1	09.04.2021-15:29:25
77.226	2.738523E+9	-1.161900E+1	09.04.2021-15:29:25
77.427	2.738523E+9	-1.161900E+1	09.04.2021-15:29:25
77.628	2.738523E+9	-1.156800E+1	09.04.2021-15:29:26
77.828	2.738523E+9	-1.156800E+1	09.04.2021-15:29:26
78.029	2.738523E+9	-1.156800E+1	09.04.2021-15:29:26
78.229	2.738523E+9	-1.156800E+1	09.04.2021-15:29:26
78.430	2.738523E+9	-1.153000E+1	09.04.2021-15:29:26
78.631	2.738523E+9	-1.153000E+1	09.04.2021-15:29:26
78.831	2.738523E+9	-1.149400E+1	09.04.2021-15:29:26
79.032	2.738523E+9	-1.149400E+1	09.04.2021-15:29:26
79.232	2.738601E+9	-1.148800E+1	09.04.2021-15:29:27
79.433	2.738601E+9	-1.150800E+1	09.04.2021-15:29:27
79.634	2.738601E+9	-1.150800E+1	09.04.2021-15:29:27
79.834	2.738601E+9	-1.156000E+1	09.04.2021-15:29:27
80.035	2.738601E+9	-1.156000E+1	09.04.2021-15:29:27
80.235	2.738601E+9	-1.160400E+1	09.04.2021-15:29:27
80.436	2.738601E+9	-1.160400E+1	09.04.2021-15:29:27
80.636	2.738601E+9	-1.162200E+1	09.04.2021-15:29:27
80.837	2.738601E+9	-1.166200E+1	09.04.2021-15:29:28
81.038	2.738601E+9	-1.166200E+1	09.04.2021-15:29:28
81.238	2.738601E+9	-1.166200E+1	09.04.2021-15:29:28
81.439	2.738601E+9	-1.165300E+1	09.04.2021-15:29:28
81.639	2.738601E+9	-1.166900E+1	09.04.2021-15:29:28
81.840	2.738601E+9	-1.166900E+1	09.04.2021-15:29:28
82.041	2.738601E+9	-1.162000E+1	09.04.2021-15:29:28
82.241	2.738601E+9	-1.162000E+1	09.04.2021-15:29:28
82.442	2.738601E+9	-1.162000E+1	09.04.2021-15:29:29
82.642	2.738601E+9	-1.156600E+1	09.04.2021-15:29:29
82.843	2.738601E+9	-1.156600E+1	09.04.2021-15:29:29
83.044	2.738601E+9	-1.150500E+1	09.04.2021-15:29:29
83.244	2.738601E+9	-1.150500E+1	09.04.2021-15:29:29
83.445	2.738679E+9	-1.155100E+1	09.04.2021-15:29:29
83.645	2.738679E+9	-1.163500E+1	09.04.2021-15:29:29
83.846	2.738679E+9	-1.163500E+1	09.04.2021-15:29:29
84.046	2.738679E+9	-1.167400E+1	09.04.2021-15:29:30
84.247	2.738679E+9	-1.167400E+1	09.04.2021-15:29:30
84.448	2.738679E+9	-1.163900E+1	09.04.2021-15:29:30
84.648	2.738679E+9	-1.163900E+1	09.04.2021-15:29:30
84.849	2.738679E+9	-1.149000E+1	09.04.2021-15:29:30
85.049	2.738679E+9	-1.149000E+1	09.04.2021-15:29:30
85.250	2.738757E+9	-1.161700E+1	09.04.2021-15:29:30
85.451	2.738757E+9	-1.161700E+1	09.04.2021-15:29:30
85.651	2.738757E+9	-1.165200E+1	09.04.2021-15:29:30
85.852	2.738757E+9	-1.165200E+1	09.04.2021-15:29:31
86.052	2.738757E+9	-1.149800E+1	09.04.2021-15:29:31
86.253	2.738757E+9	-1.149800E+1	09.04.2021-15:29:31
86.454	2.738835E+9	-1.156500E+1	09.04.2021-15:29:31
86.654	2.738835E+9	-1.156500E+1	09.04.2021-15:29:31
86.855	2.738835E+9	-1.163700E+1	09.04.2021-15:29:31
87.055	2.738835E+9	-1.163700E+1	09.04.2021-15:29:31
87.256	2.738913E+9	-1.153900E+1	09.04.2021-15:29:31
87.456	2.738913E+9	-1.165100E+1	09.04.2021-15:29:32
87.657	2.738913E+9	-1.165100E+1	09.04.2021-15:29:32
87.858	2.738913E+9	-1.165100E+1	09.04.2021-15:29:32
88.058	2.738913E+9	-1.154000E+1	09.04.2021-15:29:32
88.259	2.738913E+9	-1.154000E+1	09.04.2021-15:29:32
88.459	2.738991E+9	-1.165000E+1	09.04.2021-15:29:32
88.660	2.738991E+9	-1.165000E+1	09.04.2021-15:29:32
88.861	2.738991E+9	-1.151300E+1	09.04.2021-15:29:32
89.061	2.738991E+9	-1.111100E+1	09.04.2021-15:29:32
89.262	2.739069E+9	-1.165300E+1	09.04.2021-15:29:33
89.462	2.739069E+9	-1.165300E+1	09.04.2021-15:29:33
89.663	2.739069E+9	-1.163700E+1	09.04.2021-15:29:33
89.864	2.739069E+9	-1.163700E+1	09.04.2021-15:29:33
90.064	2.739147E+9	-1.146900E+1	09.04.2021-15:29:33
90.265	2.739147E+9	-1.146900E+1	09.04.2021-15:29:33
90.465	2.739147E+9	-1.168800E+1	09.04.2021-15:29:33
90.666	2.739147E+9	-1.168800E+1	09.04.2021-15:29:33
90.866	2.739147E+9	-1.159800E+1	09.04.2021-15:29:34
91.067	2.739147E+9	-1.143200E+1	09.04.2021-15:29:34
91.268	2.739147E+9	-1.143200E+1	09.04.2021-15:29:34
91.468	2.739225E+9	-1.155100E+1	09.04.2021-15:29:34
91.669	2.739225E+9	-1.163500E+1	09.04.2021-15:29:34
91.869	2.739225E+9	-1.163500E+1	09.04.2021-15:29:34
92.070	2.739225E+9	-1.163300E+1	09.04.2021-15:29:34
92.271	2.739225E+9	-1.165600E+1	09.04.2021-15:29:34
92.471	2.739225E+9	-1.165600E+1	09.04.2021-15:29:35
92.672	2.739225E+9	-1.163200E+1	09.04.2021-15:29:35
92.872	2.739225E+9	-1.163200E+1	09.04.2021-15:29:35
93.073	2.739225E+9	-1.158100E+1	09.04.2021-15:29:35
93.274	2.739225E+9	-1.158100E+1	09.04.2021-15:29:35
93.474	2.739225E+9	-1.158100E+1	09.04.2021-15:29:35
93.675	2.739225E+9	-1.147400E+1	09.04.2021-15:29:35
93.875	2.739225E+9	-1.147400E+1	09.04.2021-15:29:35
94.076	2.739225E+9	-1.148000E+1	09.04.2021-15:29:36
94.276	2.739225E+9	-1.148000E+1	09.04.2021-15:29:36
94.477	2.739302E+9	-1.147500E+1	09.04.2021-15:29:36
94.678	2.739302E+9	-1.147500E+1	09.04.2021-15:29:36
94.878	2.739302E+9	-1.150900E+1	09.04.2021-15:29:36
95.079	2.739302E+9	-1.153700E+1	09.04.2021-15:29:36
95.279	2.739302E+9	-1.153700E+1	09.04.2021-15:29:36
95.480	2.739302E+9	-1.153700E+1	09.04.2021-15:29:36
95.681	2.739302E+9	-1.154300E+1	09.04.2021-15:29:37
95.881	2.739302E+9	-1.154300E+1	09.04.2021-15:29:37
96.082	2.739302E+9	-1.154900E+1	09.04.2021-15:29:37
96.282	2.739302E+9	-1.154900E+1	09.04.2021-15:29:37
96.483	2.739302E+9	-1.156300E+1	09.04.2021-15:29:37
96.684	2.739302E+9	-1.156300E+1	09.04.2021-15:29:37
96.884	2.739302E+9	-1.154800E+1	09.04.2021-15:29:37
97.085	2.739302E+9	-1.154800E+1	09.04.2021-15:29:37
97.285	2.739302E+9	-1.156600E+1	09.04.2021-15:29:38
97.486	2.739302E+9	-1.155700E+1	09.04.2021-15:29:38
97.686	2.739302E+9	-1.155700E+1	09.04.2021-15:29:38
97.887	2.739302E+9	-1.155700E+1	09.04.2021-15:29:38
98.088	2.739302E+9	-1.155400E+1	09.04.2021-15:29:38
98.288	2.739302E+9	-1.158600E+1	09.04.2021-15:29:38
98.489	2.739302E+9	-1.158600E+1	09.04.2021-15:29:38
98.689	2.739302E+9	-1.157800E+1	09.04.2021-15:29:38
98.890	2.739302E+9	-1.157800E+1	09.04.2021-15:29:39
99.091	2.739302E+9	-1.159000E+1	09.04.2021-15:29:39
99.291	2.739302E+9	-1.159000E+1	09.04.2021-15:29:39
99.492	2.739302E+9	-1.155900E+1	09.04.2021-15:29:39
99.692	2.739302E+9	-1.155900E+1	09.04.2021-15:29:39
99.893	2.739302E+9	-1.155700E+1	09.04.2021-15:29:39
100.094	2.739302E+9	-1.155700E+1	09.04.2021-15:29:39
100.294	2.739302E+9	-1.155700E+1	09.04.2021-15:29:39
100.495	2.739302E+9	-1.158300E+1	09.04.2021-15:29:40
100.695	2.739302E+9	-1.158300E+1	09.04.2021-15:29:40
100.896	2.739302E+9	-1.156200E+1	09.04.2021-15:29:40
101.096	2.739302E+9	-1.156200E+1	09.04.2021-15:29:40
101.297	2.739302E+9	-1.159300E+1	09.04.2021-15:29:40
101.498	2.739302E+9	-1.159300E+1	09.04.2021-15:29:40
101.698	2.739302E+9	-1.156200E+1	09.04.2021-15:29:40
101.899	2.739302E+9	-1.156200E+1	09.04.2021-15:29:40
102.099	2.739302E+9	-1.156500E+1	09.04.2021-15:29:40
102.300	2.739302E+9	-1.156500E+1	09.04.2021-15:29:41
102.501	2.739302E+9	-1.158200E+1	09.04.2021-15:29:41
102.701	2.739302E+9	-1.158200E+1	09.04.2021-15:29:41
102.902	2.739302E+9	-1.157300E+1	09.04.2021-15:29:41
103.102	2.739302E+9	-1.157300E+1	09.04.2021-15:29:41
103.303	2.739302E+9	-1.156300E+1	09.04.2021-15:29:41
103.504	2.739302E+9	-1.156300E+1	09.04.2021-15:29:41
103.704	2.739302E+9	-1.158800E+1	09.04.2021-15:29:41
103.905	2.739302E+9	-1.158800E+1	09.04.2021-15:29:42
104.105	2.739302E+9	-1.156200E+1	09.04.2021-15:29:42
104.306	2.739302E+9	-1.156200E+1	09.04.2021-15:29:42
104.506	2.739302E+9	-1.157400E+1	09.04.2021-15:29:42
104.707	2.739302E+9	-1.155100E+1	09.04.2021-15:29:42
104.908	2.739302E+9	-1.155100E+1	09.04.2021-15:29:42
105.108	2.739302E+9	-1.155100E+1	09.04.2021-15:29:42
105.309	2.739302E+9	-1.158000E+1	09.04.2021-15:29:42
105.509	2.739302E+9	-1.158400E+1	09.04.2021-15:29:42
105.710	2.739302E+9	-1.158400E+1	09.04.2021-15:29:43
105.911	2.739302E+9	-1.156300E+1	09.04.2021-15:29:43
106.111	2.739302E+9	-1.155300E+1	09.04.2021-15:29:43
106.312	2.739302E+9	-1.155300E+1	09.04.2021-15:29:43
106.512	2.739302E+9	-1.159000E+1	09.04.2021-15:29:43
106.713	2.739302E+9	-1.159000E+1	09.04.2021-15:29:43
106.914	2.739302E+9	-1.156200E+1	09.04.2021-15:29:43
107.114	2.739302E+9	-1.156200E+1	09.04.2021-15:29:44
107.315	2.739302E+9	-1.160000E+1	09.04.2021-15:29:44
107.515	2.739302E+9	-1.160000E+1	09.04.2021-15:29:44
107.716	2.739302E+9	-1.156300E+1	09.04.2021-15:29:44
107.916	2.739302E+9	-1.156300E+1	09.04.2021-15:29:44
108.117	2.739302E+9	-1.157100E+1	09.04.2021-15:29:44
108.318	2.739302E+9	-1.157500E+1	09.04.2021-15:29:44
108.518	2.739302E+9	-1.157500E+1	09.04.2021-15:29:44
108.719	2.739302E+9	-1.157500E+1	09.04.2021-15:29:44
108.919	2.739302E+9	-1.158400E+1	09.04.2021-15:29:45
109.120	2.739302E+9	-1.156800E+1	09.04.2021-15:29:45
109.321	2.739302E+9	-1.156800E+1	09.04.2021-15:29:45
109.521	2.739302E+9	-1.156800E+1	09.04.2021-15:29:45
109.722	2.739302E+9	-1.157000E+1	09.04.2021-15:29:45
109.922	2.739302E+9	-1.157000E+1	09.04.2021-15:29:45
110.123	2.739302E+9	-1.156800E+1	09.04.2021-15:29:45
