#Abstand (mm)	Hz	     dB	      Zeitpunkt
0.000	2.739302E+9	-1.167700E+1	09.04.2021-15:30:29
0.201	2.739302E+9	-1.165900E+1	09.04.2021-15:30:29
0.401	2.739302E+9	-1.165900E+1	09.04.2021-15:30:29
0.602	2.739302E+9	-1.166500E+1	09.04.2021-15:30:29
0.802	2.739302E+9	-1.166500E+1	09.04.2021-15:30:29
1.003	2.739302E+9	-1.163600E+1	09.04.2021-15:30:30
1.204	2.739302E+9	-1.163600E+1	09.04.2021-15:30:30
1.404	2.739302E+9	-1.164600E+1	09.04.2021-15:30:30
1.605	2.739302E+9	-1.164600E+1	09.04.2021-15:30:30
1.805	2.739302E+9	-1.166000E+1	09.04.2021-15:30:30
2.006	2.739302E+9	-1.167300E+1	09.04.2021-15:30:30
2.206	2.739302E+9	-1.167300E+1	09.04.2021-15:30:30
2.407	2.739302E+9	-1.165500E+1	09.04.2021-15:30:30
2.608	2.739302E+9	-1.165500E+1	09.04.2021-15:30:30
2.808	2.739302E+9	-1.167000E+1	09.04.2021-15:30:31
3.009	2.739302E+9	-1.167000E+1	09.04.2021-15:30:31
3.209	2.739302E+9	-1.168500E+1	09.04.2021-15:30:31
3.410	2.739302E+9	-1.165700E+1	09.04.2021-15:30:31
3.611	2.739302E+9	-1.165700E+1	09.04.2021-15:30:31
3.811	2.739302E+9	-1.165700E+1	09.04.2021-15:30:31
4.012	2.739302E+9	-1.164900E+1	09.04.2021-15:30:31
4.212	2.739302E+9	-1.167200E+1	09.04.2021-15:30:31
4.413	2.739302E+9	-1.167200E+1	09.04.2021-15:30:32
4.614	2.739302E+9	-1.165500E+1	09.04.2021-15:30:32
4.814	2.739302E+9	-1.168100E+1	09.04.2021-15:30:32
5.015	2.739302E+9	-1.168100E+1	09.04.2021-15:30:32
5.215	2.739302E+9	-1.163600E+1	09.04.2021-15:30:32
5.416	2.739302E+9	-1.163600E+1	09.04.2021-15:30:32
5.616	2.739302E+9	-1.168600E+1	09.04.2021-15:30:32
5.817	2.739302E+9	-1.168600E+1	09.04.2021-15:30:32
6.018	2.739302E+9	-1.164400E+1	09.04.2021-15:30:33
6.218	2.739302E+9	-1.164400E+1	09.04.2021-15:30:33
6.419	2.739302E+9	-1.166500E+1	09.04.2021-15:30:33
6.619	2.739302E+9	-1.166500E+1	09.04.2021-15:30:33
6.820	2.739302E+9	-1.166600E+1	09.04.2021-15:30:33
7.021	2.739302E+9	-1.167500E+1	09.04.2021-15:30:33
7.221	2.739302E+9	-1.167500E+1	09.04.2021-15:30:33
7.422	2.739302E+9	-1.167500E+1	09.04.2021-15:30:33
7.622	2.739302E+9	-1.166800E+1	09.04.2021-15:30:34
7.823	2.739302E+9	-1.165000E+1	09.04.2021-15:30:34
8.024	2.739302E+9	-1.165000E+1	09.04.2021-15:30:34
8.224	2.739302E+9	-1.165000E+1	09.04.2021-15:30:34
8.425	2.739302E+9	-1.166300E+1	09.04.2021-15:30:34
8.625	2.739302E+9	-1.166300E+1	09.04.2021-15:30:34
8.826	2.739302E+9	-1.166300E+1	09.04.2021-15:30:34
9.026	2.739302E+9	-1.166300E+1	09.04.2021-15:30:34
9.227	2.739302E+9	-1.169100E+1	09.04.2021-15:30:34
9.428	2.739302E+9	-1.163300E+1	09.04.2021-15:30:35
9.628	2.739302E+9	-1.163300E+1	09.04.2021-15:30:35
9.829	2.739302E+9	-1.167800E+1	09.04.2021-15:30:35
10.029	2.739302E+9	-1.167800E+1	09.04.2021-15:30:35
10.230	2.739302E+9	-1.168500E+1	09.04.2021-15:30:35
10.431	2.739302E+9	-1.168500E+1	09.04.2021-15:30:35
10.631	2.739302E+9	-1.168700E+1	09.04.2021-15:30:35
10.832	2.739302E+9	-1.168700E+1	09.04.2021-15:30:35
11.032	2.739302E+9	-1.166300E+1	09.04.2021-15:30:36
11.233	2.739302E+9	-1.166300E+1	09.04.2021-15:30:36
11.434	2.739302E+9	-1.164400E+1	09.04.2021-15:30:36
11.634	2.739302E+9	-1.166100E+1	09.04.2021-15:30:36
11.835	2.739302E+9	-1.166100E+1	09.04.2021-15:30:36
12.035	2.739302E+9	-1.166100E+1	09.04.2021-15:30:36
12.236	2.739302E+9	-1.164900E+1	09.04.2021-15:30:36
12.436	2.739302E+9	-1.162300E+1	09.04.2021-15:30:36
12.637	2.739302E+9	-1.162300E+1	09.04.2021-15:30:37
12.838	2.739302E+9	-1.167300E+1	09.04.2021-15:30:37
13.038	2.739302E+9	-1.163200E+1	09.04.2021-15:30:37
13.239	2.739302E+9	-1.163200E+1	09.04.2021-15:30:37
13.439	2.739302E+9	-1.163200E+1	09.04.2021-15:30:37
13.640	2.739302E+9	-1.164300E+1	09.04.2021-15:30:37
13.841	2.739302E+9	-1.164300E+1	09.04.2021-15:30:37
14.041	2.739302E+9	-1.167100E+1	09.04.2021-15:30:37
14.242	2.739302E+9	-1.167100E+1	09.04.2021-15:30:38
14.442	2.739302E+9	-1.165000E+1	09.04.2021-15:30:38
14.643	2.739302E+9	-1.165000E+1	09.04.2021-15:30:38
14.844	2.739302E+9	-1.163400E+1	09.04.2021-15:30:38
15.044	2.739302E+9	-1.163700E+1	09.04.2021-15:30:38
15.245	2.739302E+9	-1.163700E+1	09.04.2021-15:30:38
15.445	2.739302E+9	-1.163700E+1	09.04.2021-15:30:38
15.646	2.739302E+9	-1.166100E+1	09.04.2021-15:30:38
15.846	2.739302E+9	-1.166100E+1	09.04.2021-15:30:38
16.047	2.739302E+9	-1.164300E+1	09.04.2021-15:30:39
16.248	2.739302E+9	-1.164300E+1	09.04.2021-15:30:39
16.448	2.739302E+9	-1.164600E+1	09.04.2021-15:30:39
16.649	2.739302E+9	-1.164600E+1	09.04.2021-15:30:39
16.849	2.739302E+9	-1.164500E+1	09.04.2021-15:30:39
17.050	2.739302E+9	-1.161500E+1	09.04.2021-15:30:39
17.251	2.739302E+9	-1.161500E+1	09.04.2021-15:30:39
17.451	2.739302E+9	-1.160200E+1	09.04.2021-15:30:40
17.652	2.739302E+9	-1.160200E+1	09.04.2021-15:30:40
17.852	2.739302E+9	-1.158900E+1	09.04.2021-15:30:40
18.053	2.739302E+9	-1.158900E+1	09.04.2021-15:30:40
18.254	2.739302E+9	-1.154700E+1	09.04.2021-15:30:40
18.454	2.739302E+9	-1.154700E+1	09.04.2021-15:30:40
18.655	2.739302E+9	-1.152500E+1	09.04.2021-15:30:40
18.855	2.739302E+9	-1.152500E+1	09.04.2021-15:30:40
19.056	2.739225E+9	-1.160900E+1	09.04.2021-15:30:40
19.256	2.739225E+9	-1.160900E+1	09.04.2021-15:30:41
19.457	2.739225E+9	-1.168800E+1	09.04.2021-15:30:41
19.658	2.739225E+9	-1.168800E+1	09.04.2021-15:30:41
19.858	2.739225E+9	-1.170400E+1	09.04.2021-15:30:41
20.059	2.739225E+9	-1.170400E+1	09.04.2021-15:30:41
20.259	2.739225E+9	-1.172200E+1	09.04.2021-15:30:41
20.460	2.739225E+9	-1.172200E+1	09.04.2021-15:30:41
20.661	2.739225E+9	-1.174500E+1	09.04.2021-15:30:41
20.861	2.739225E+9	-1.174500E+1	09.04.2021-15:30:42
21.062	2.739225E+9	-1.165300E+1	09.04.2021-15:30:42
21.262	2.739147E+9	-1.159900E+1	09.04.2021-15:30:42
21.463	2.739147E+9	-1.159900E+1	09.04.2021-15:30:42
21.664	2.739147E+9	-1.159900E+1	09.04.2021-15:30:42
21.864	2.739147E+9	-1.169900E+1	09.04.2021-15:30:42
22.065	2.739147E+9	-1.169900E+1	09.04.2021-15:30:42
22.265	2.739147E+9	-1.171800E+1	09.04.2021-15:30:42
22.466	2.739147E+9	-1.171800E+1	09.04.2021-15:30:43
22.666	2.739069E+9	-1.156000E+1	09.04.2021-15:30:43
22.867	2.739069E+9	-1.156000E+1	09.04.2021-15:30:43
23.068	2.739069E+9	-1.174200E+1	09.04.2021-15:30:43
23.268	2.739069E+9	-1.175800E+1	09.04.2021-15:30:43
23.469	2.739069E+9	-1.173500E+1	09.04.2021-15:30:43
23.669	2.738991E+9	-1.161600E+1	09.04.2021-15:30:43
23.870	2.738991E+9	-1.161600E+1	09.04.2021-15:30:43
24.071	2.738991E+9	-1.176900E+1	09.04.2021-15:30:44
24.271	2.738991E+9	-1.176900E+1	09.04.2021-15:30:44
24.472	2.738991E+9	-1.169700E+1	09.04.2021-15:30:44
24.672	2.738991E+9	-1.169700E+1	09.04.2021-15:30:44
24.873	2.738913E+9	-1.166900E+1	09.04.2021-15:30:44
25.074	2.738913E+9	-1.176600E+1	09.04.2021-15:30:44
25.274	2.738913E+9	-1.176600E+1	09.04.2021-15:30:44
25.475	2.738913E+9	-1.169500E+1	09.04.2021-15:30:44
25.675	2.738913E+9	-1.169500E+1	09.04.2021-15:30:45
25.876	2.738835E+9	-1.176000E+1	09.04.2021-15:30:45
26.076	2.738835E+9	-1.176000E+1	09.04.2021-15:30:45
26.277	2.738835E+9	-1.174700E+1	09.04.2021-15:30:45
26.478	2.738835E+9	-1.174700E+1	09.04.2021-15:30:45
26.678	2.738835E+9	-1.163000E+1	09.04.2021-15:30:45
26.879	2.738835E+9	-1.163000E+1	09.04.2021-15:30:45
27.079	2.738757E+9	-1.171800E+1	09.04.2021-15:30:45
27.280	2.738757E+9	-1.171800E+1	09.04.2021-15:30:46
27.481	2.738757E+9	-1.177200E+1	09.04.2021-15:30:46
27.681	2.738757E+9	-1.177200E+1	09.04.2021-15:30:46
27.882	2.738757E+9	-1.162900E+1	09.04.2021-15:30:46
28.082	2.738757E+9	-1.162900E+1	09.04.2021-15:30:46
28.283	2.738679E+9	-1.171600E+1	09.04.2021-15:30:46
28.484	2.738679E+9	-1.176500E+1	09.04.2021-15:30:46
28.684	2.738679E+9	-1.176500E+1	09.04.2021-15:30:46
28.885	2.738679E+9	-1.176500E+1	09.04.2021-15:30:46
29.085	2.738679E+9	-1.178800E+1	09.04.2021-15:30:47
29.286	2.738679E+9	-1.174100E+1	09.04.2021-15:30:47
29.486	2.738679E+9	-1.174100E+1	09.04.2021-15:30:47
29.687	2.738679E+9	-1.165000E+1	09.04.2021-15:30:47
29.888	2.738679E+9	-1.165000E+1	09.04.2021-15:30:47
30.088	2.738601E+9	-1.160600E+1	09.04.2021-15:30:47
30.289	2.738601E+9	-1.160600E+1	09.04.2021-15:30:47
30.489	2.738601E+9	-1.170800E+1	09.04.2021-15:30:48
30.690	2.738601E+9	-1.170800E+1	09.04.2021-15:30:48
30.891	2.738601E+9	-1.180300E+1	09.04.2021-15:30:48
31.091	2.738601E+9	-1.180300E+1	09.04.2021-15:30:48
31.292	2.738601E+9	-1.180200E+1	09.04.2021-15:30:48
31.492	2.738601E+9	-1.180200E+1	09.04.2021-15:30:48
31.693	2.738601E+9	-1.181300E+1	09.04.2021-15:30:48
31.894	2.738601E+9	-1.181300E+1	09.04.2021-15:30:48
32.094	2.738601E+9	-1.178400E+1	09.04.2021-15:30:48
32.295	2.738601E+9	-1.178400E+1	09.04.2021-15:30:49
32.495	2.738601E+9	-1.173500E+1	09.04.2021-15:30:49
32.696	2.738601E+9	-1.173500E+1	09.04.2021-15:30:49
32.896	2.738601E+9	-1.170500E+1	09.04.2021-15:30:49
33.097	2.738601E+9	-1.170500E+1	09.04.2021-15:30:49
33.298	2.738601E+9	-1.170300E+1	09.04.2021-15:30:49
33.498	2.738601E+9	-1.170300E+1	09.04.2021-15:30:49
33.699	2.738601E+9	-1.164900E+1	09.04.2021-15:30:49
33.899	2.738601E+9	-1.164900E+1	09.04.2021-15:30:50
34.100	2.738523E+9	-1.158400E+1	09.04.2021-15:30:50
34.301	2.738523E+9	-1.160000E+1	09.04.2021-15:30:50
34.501	2.738523E+9	-1.160000E+1	09.04.2021-15:30:50
34.702	2.738523E+9	-1.167400E+1	09.04.2021-15:30:50
34.902	2.738523E+9	-1.168500E+1	09.04.2021-15:30:50
35.103	2.738523E+9	-1.168500E+1	09.04.2021-15:30:50
35.304	2.738523E+9	-1.168500E+1	09.04.2021-15:30:50
35.504	2.738523E+9	-1.168800E+1	09.04.2021-15:30:51
35.705	2.738523E+9	-1.168800E+1	09.04.2021-15:30:51
35.905	2.738523E+9	-1.172600E+1	09.04.2021-15:30:51
36.106	2.738523E+9	-1.173000E+1	09.04.2021-15:30:51
36.306	2.738523E+9	-1.173000E+1	09.04.2021-15:30:51
36.507	2.738523E+9	-1.173700E+1	09.04.2021-15:30:51
36.708	2.738523E+9	-1.173700E+1	09.04.2021-15:30:51
36.908	2.738523E+9	-1.173700E+1	09.04.2021-15:30:51
37.109	2.738523E+9	-1.177400E+1	09.04.2021-15:30:52
37.309	2.738523E+9	-1.177400E+1	09.04.2021-15:30:52
37.510	2.738523E+9	-1.176500E+1	09.04.2021-15:30:52
37.711	2.738523E+9	-1.176900E+1	09.04.2021-15:30:52
37.911	2.738523E+9	-1.176900E+1	09.04.2021-15:30:52
38.112	2.738523E+9	-1.176500E+1	09.04.2021-15:30:52
38.312	2.738523E+9	-1.176500E+1	09.04.2021-15:30:52
38.513	2.738523E+9	-1.176500E+1	09.04.2021-15:30:52
38.714	2.738523E+9	-1.179400E+1	09.04.2021-15:30:52
38.914	2.738523E+9	-1.178500E+1	09.04.2021-15:30:53
39.115	2.738523E+9	-1.178500E+1	09.04.2021-15:30:53
39.315	2.738523E+9	-1.177200E+1	09.04.2021-15:30:53
39.516	2.738523E+9	-1.179900E+1	09.04.2021-15:30:53
39.716	2.738523E+9	-1.179900E+1	09.04.2021-15:30:53
39.917	2.738523E+9	-1.179700E+1	09.04.2021-15:30:53
40.118	2.738523E+9	-1.179700E+1	09.04.2021-15:30:53
40.318	2.738523E+9	-1.179700E+1	09.04.2021-15:30:53
40.519	2.738523E+9	-1.178400E+1	09.04.2021-15:30:54
40.719	2.738523E+9	-1.178400E+1	09.04.2021-15:30:54
40.920	2.738523E+9	-1.178000E+1	09.04.2021-15:30:54
41.121	2.738523E+9	-1.178000E+1	09.04.2021-15:30:54
41.321	2.738523E+9	-1.179700E+1	09.04.2021-15:30:54
41.522	2.738523E+9	-1.180100E+1	09.04.2021-15:30:54
41.722	2.738523E+9	-1.180100E+1	09.04.2021-15:30:54
41.923	2.738523E+9	-1.180100E+1	09.04.2021-15:30:54
42.124	2.738523E+9	-1.182700E+1	09.04.2021-15:30:55
42.324	2.738523E+9	-1.180800E+1	09.04.2021-15:30:55
42.525	2.738523E+9	-1.180800E+1	09.04.2021-15:30:55
42.725	2.738523E+9	-1.180300E+1	09.04.2021-15:30:55
42.926	2.738523E+9	-1.180300E+1	09.04.2021-15:30:55
43.126	2.738523E+9	-1.180200E+1	09.04.2021-15:30:55
43.327	2.738523E+9	-1.180700E+1	09.04.2021-15:30:55
43.528	2.738523E+9	-1.180700E+1	09.04.2021-15:30:55
43.728	2.738523E+9	-1.180700E+1	09.04.2021-15:30:56
43.929	2.738523E+9	-1.181500E+1	09.04.2021-15:30:56
44.129	2.738523E+9	-1.181500E+1	09.04.2021-15:30:56
44.330	2.738523E+9	-1.181600E+1	09.04.2021-15:30:56
44.531	2.738523E+9	-1.181500E+1	09.04.2021-15:30:56
44.731	2.738523E+9	-1.181500E+1	09.04.2021-15:30:56
44.932	2.738523E+9	-1.179900E+1	09.04.2021-15:30:56
45.132	2.738523E+9	-1.181000E+1	09.04.2021-15:30:56
45.333	2.738523E+9	-1.181000E+1	09.04.2021-15:30:57
45.534	2.738523E+9	-1.181000E+1	09.04.2021-15:30:57
45.734	2.738523E+9	-1.179400E+1	09.04.2021-15:30:57
45.935	2.738523E+9	-1.180300E+1	09.04.2021-15:30:57
46.135	2.738523E+9	-1.180300E+1	09.04.2021-15:30:57
46.336	2.738523E+9	-1.179800E+1	09.04.2021-15:30:57
46.536	2.738523E+9	-1.179800E+1	09.04.2021-15:30:57
46.737	2.738523E+9	-1.178100E+1	09.04.2021-15:30:57
46.938	2.738523E+9	-1.178100E+1	09.04.2021-15:30:58
47.138	2.738523E+9	-1.181000E+1	09.04.2021-15:30:58
47.339	2.738523E+9	-1.181000E+1	09.04.2021-15:30:58
47.539	2.738523E+9	-1.178900E+1	09.04.2021-15:30:58
47.740	2.738523E+9	-1.180800E+1	09.04.2021-15:30:58
47.941	2.738523E+9	-1.180800E+1	09.04.2021-15:30:58
48.141	2.738523E+9	-1.178500E+1	09.04.2021-15:30:58
48.342	2.738523E+9	-1.177600E+1	09.04.2021-15:30:58
48.542	2.738523E+9	-1.177600E+1	09.04.2021-15:30:59
48.743	2.738523E+9	-1.177600E+1	09.04.2021-15:30:59
48.944	2.738523E+9	-1.179300E+1	09.04.2021-15:30:59
49.144	2.738523E+9	-1.177900E+1	09.04.2021-15:30:59
49.345	2.738523E+9	-1.177900E+1	09.04.2021-15:30:59
49.545	2.738523E+9	-1.177900E+1	09.04.2021-15:30:59
49.746	2.738523E+9	-1.177000E+1	09.04.2021-15:30:59
49.946	2.738523E+9	-1.175900E+1	09.04.2021-15:30:59
50.147	2.738523E+9	-1.175900E+1	09.04.2021-15:31:00
50.348	2.738523E+9	-1.175300E+1	09.04.2021-15:31:00
50.548	2.738523E+9	-1.175300E+1	09.04.2021-15:31:00
50.749	2.738523E+9	-1.177300E+1	09.04.2021-15:31:00
50.949	2.738523E+9	-1.177300E+1	09.04.2021-15:31:00
51.150	2.738523E+9	-1.176900E+1	09.04.2021-15:31:00
51.351	2.738523E+9	-1.176900E+1	09.04.2021-15:31:00
51.551	2.738523E+9	-1.173700E+1	09.04.2021-15:31:00
51.752	2.738523E+9	-1.175000E+1	09.04.2021-15:31:00
51.952	2.738523E+9	-1.175000E+1	09.04.2021-15:31:01
52.153	2.738523E+9	-1.176500E+1	09.04.2021-15:31:01
52.354	2.738523E+9	-1.176500E+1	09.04.2021-15:31:01
52.554	2.738523E+9	-1.175800E+1	09.04.2021-15:31:01
52.755	2.738523E+9	-1.175700E+1	09.04.2021-15:31:01
52.955	2.738523E+9	-1.175700E+1	09.04.2021-15:31:01
53.156	2.738523E+9	-1.176200E+1	09.04.2021-15:31:01
53.356	2.738523E+9	-1.174900E+1	09.04.2021-15:31:02
53.557	2.738523E+9	-1.174900E+1	09.04.2021-15:31:02
53.758	2.738523E+9	-1.171800E+1	09.04.2021-15:31:02
53.958	2.738523E+9	-1.171800E+1	09.04.2021-15:31:02
54.159	2.738523E+9	-1.175000E+1	09.04.2021-15:31:02
54.359	2.738523E+9	-1.175000E+1	09.04.2021-15:31:02
54.560	2.738523E+9	-1.175000E+1	09.04.2021-15:31:02
54.761	2.738523E+9	-1.172900E+1	09.04.2021-15:31:02
54.961	2.738523E+9	-1.173000E+1	09.04.2021-15:31:02
55.162	2.738523E+9	-1.173000E+1	09.04.2021-15:31:03
55.362	2.738523E+9	-1.173400E+1	09.04.2021-15:31:03
55.563	2.738523E+9	-1.173400E+1	09.04.2021-15:31:03
55.764	2.738523E+9	-1.172900E+1	09.04.2021-15:31:03
55.964	2.738523E+9	-1.172900E+1	09.04.2021-15:31:03
56.165	2.738523E+9	-1.172500E+1	09.04.2021-15:31:03
56.365	2.738523E+9	-1.174800E+1	09.04.2021-15:31:03
56.566	2.738523E+9	-1.174800E+1	09.04.2021-15:31:04
56.766	2.738523E+9	-1.174800E+1	09.04.2021-15:31:04
56.967	2.738523E+9	-1.173100E+1	09.04.2021-15:31:04
57.168	2.738523E+9	-1.173100E+1	09.04.2021-15:31:04
57.368	2.738523E+9	-1.173600E+1	09.04.2021-15:31:04
57.569	2.738523E+9	-1.172100E+1	09.04.2021-15:31:04
57.769	2.738523E+9	-1.172100E+1	09.04.2021-15:31:04
57.970	2.738523E+9	-1.172100E+1	09.04.2021-15:31:04
58.171	2.738523E+9	-1.175700E+1	09.04.2021-15:31:04
58.371	2.738523E+9	-1.175700E+1	09.04.2021-15:31:05
58.572	2.738523E+9	-1.175200E+1	09.04.2021-15:31:05
58.772	2.738523E+9	-1.175200E+1	09.04.2021-15:31:05
58.973	2.738523E+9	-1.171300E+1	09.04.2021-15:31:05
59.174	2.738523E+9	-1.171300E+1	09.04.2021-15:31:05
59.374	2.738523E+9	-1.175000E+1	09.04.2021-15:31:05
59.575	2.738523E+9	-1.175000E+1	09.04.2021-15:31:05
59.775	2.738523E+9	-1.174700E+1	09.04.2021-15:31:05
59.976	2.738523E+9	-1.174700E+1	09.04.2021-15:31:06
60.176	2.738523E+9	-1.174100E+1	09.04.2021-15:31:06
60.377	2.738523E+9	-1.174100E+1	09.04.2021-15:31:06
60.578	2.738523E+9	-1.173900E+1	09.04.2021-15:31:06
60.778	2.738523E+9	-1.173900E+1	09.04.2021-15:31:06
60.979	2.738523E+9	-1.172000E+1	09.04.2021-15:31:06
61.179	2.738523E+9	-1.172000E+1	09.04.2021-15:31:06
61.380	2.738523E+9	-1.173800E+1	09.04.2021-15:31:06
61.581	2.738523E+9	-1.174100E+1	09.04.2021-15:31:06
61.781	2.738523E+9	-1.174100E+1	09.04.2021-15:31:07
61.982	2.738523E+9	-1.174100E+1	09.04.2021-15:31:07
62.182	2.738523E+9	-1.176100E+1	09.04.2021-15:31:07
62.383	2.738523E+9	-1.175000E+1	09.04.2021-15:31:07
62.584	2.738523E+9	-1.175000E+1	09.04.2021-15:31:07
62.784	2.738523E+9	-1.175000E+1	09.04.2021-15:31:07
62.985	2.738523E+9	-1.172800E+1	09.04.2021-15:31:07
63.185	2.738523E+9	-1.178500E+1	09.04.2021-15:31:07
63.386	2.738523E+9	-1.176700E+1	09.04.2021-15:31:08
63.586	2.738523E+9	-1.176700E+1	09.04.2021-15:31:08
63.787	2.738523E+9	-1.172900E+1	09.04.2021-15:31:08
63.988	2.738523E+9	-1.172900E+1	09.04.2021-15:31:08
64.188	2.738523E+9	-1.177000E+1	09.04.2021-15:31:08
64.389	2.738523E+9	-1.172600E+1	09.04.2021-15:31:08
64.589	2.738523E+9	-1.172600E+1	09.04.2021-15:31:08
64.790	2.738523E+9	-1.173400E+1	09.04.2021-15:31:08
64.991	2.738523E+9	-1.173400E+1	09.04.2021-15:31:09
65.191	2.738523E+9	-1.176100E+1	09.04.2021-15:31:09
65.392	2.738523E+9	-1.173400E+1	09.04.2021-15:31:09
65.592	2.738523E+9	-1.173400E+1	09.04.2021-15:31:09
65.793	2.738523E+9	-1.171500E+1	09.04.2021-15:31:09
65.994	2.738523E+9	-1.171500E+1	09.04.2021-15:31:09
66.194	2.738523E+9	-1.171500E+1	09.04.2021-15:31:09
66.395	2.738523E+9	-1.172100E+1	09.04.2021-15:31:09
66.595	2.738523E+9	-1.172100E+1	09.04.2021-15:31:10
66.796	2.738523E+9	-1.173500E+1	09.04.2021-15:31:10
66.996	2.738523E+9	-1.173900E+1	09.04.2021-15:31:10
67.197	2.738523E+9	-1.171500E+1	09.04.2021-15:31:10
67.398	2.738523E+9	-1.171500E+1	09.04.2021-15:31:10
67.598	2.738523E+9	-1.171500E+1	09.04.2021-15:31:10
67.799	2.738523E+9	-1.174100E+1	09.04.2021-15:31:10
67.999	2.738523E+9	-1.174100E+1	09.04.2021-15:31:10
68.200	2.738523E+9	-1.174100E+1	09.04.2021-15:31:11
68.401	2.738523E+9	-1.172600E+1	09.04.2021-15:31:11
68.601	2.738523E+9	-1.172600E+1	09.04.2021-15:31:11
68.802	2.738523E+9	-1.172700E+1	09.04.2021-15:31:11
69.002	2.738523E+9	-1.172700E+1	09.04.2021-15:31:11
69.203	2.738523E+9	-1.173000E+1	09.04.2021-15:31:11
69.404	2.738523E+9	-1.173000E+1	09.04.2021-15:31:11
69.604	2.738523E+9	-1.174300E+1	09.04.2021-15:31:11
69.805	2.738523E+9	-1.174300E+1	09.04.2021-15:31:12
70.005	2.738523E+9	-1.172000E+1	09.04.2021-15:31:12
70.206	2.738523E+9	-1.174300E+1	09.04.2021-15:31:12
70.406	2.738523E+9	-1.174300E+1	09.04.2021-15:31:12
70.607	2.738523E+9	-1.174300E+1	09.04.2021-15:31:12
70.808	2.738523E+9	-1.173900E+1	09.04.2021-15:31:12
71.008	2.738523E+9	-1.171600E+1	09.04.2021-15:31:12
71.209	2.738523E+9	-1.171600E+1	09.04.2021-15:31:12
71.409	2.738523E+9	-1.171600E+1	09.04.2021-15:31:13
71.610	2.738523E+9	-1.172000E+1	09.04.2021-15:31:13
71.811	2.738523E+9	-1.172000E+1	09.04.2021-15:31:13
72.011	2.738523E+9	-1.172800E+1	09.04.2021-15:31:13
72.212	2.738523E+9	-1.171400E+1	09.04.2021-15:31:13
72.412	2.738523E+9	-1.171400E+1	09.04.2021-15:31:13
72.613	2.738523E+9	-1.172600E+1	09.04.2021-15:31:13
72.814	2.738523E+9	-1.170500E+1	09.04.2021-15:31:13
73.014	2.738523E+9	-1.170500E+1	09.04.2021-15:31:14
73.215	2.738523E+9	-1.170500E+1	09.04.2021-15:31:14
73.415	2.738523E+9	-1.172400E+1	09.04.2021-15:31:14
73.616	2.738523E+9	-1.169600E+1	09.04.2021-15:31:14
73.816	2.738523E+9	-1.169600E+1	09.04.2021-15:31:14
74.017	2.738523E+9	-1.169400E+1	09.04.2021-15:31:14
74.218	2.738523E+9	-1.166200E+1	09.04.2021-15:31:14
74.418	2.738523E+9	-1.166200E+1	09.04.2021-15:31:14
74.619	2.738523E+9	-1.167000E+1	09.04.2021-15:31:15
74.819	2.738523E+9	-1.167000E+1	09.04.2021-15:31:15
75.020	2.738523E+9	-1.167100E+1	09.04.2021-15:31:15
75.221	2.738523E+9	-1.165600E+1	09.04.2021-15:31:15
75.421	2.738523E+9	-1.165600E+1	09.04.2021-15:31:15
75.622	2.738523E+9	-1.165600E+1	09.04.2021-15:31:15
75.822	2.738523E+9	-1.161800E+1	09.04.2021-15:31:15
76.023	2.738523E+9	-1.158900E+1	09.04.2021-15:31:15
76.224	2.738523E+9	-1.158900E+1	09.04.2021-15:31:16
76.424	2.738523E+9	-1.158900E+1	09.04.2021-15:31:16
76.625	2.738523E+9	-1.154300E+1	09.04.2021-15:31:16
76.825	2.738523E+9	-1.152200E+1	09.04.2021-15:31:16
77.026	2.738523E+9	-1.152200E+1	09.04.2021-15:31:16
77.226	2.738601E+9	-1.152800E+1	09.04.2021-15:31:16
77.427	2.738601E+9	-1.156200E+1	09.04.2021-15:31:16
77.628	2.738601E+9	-1.156200E+1	09.04.2021-15:31:16
77.828	2.738601E+9	-1.156200E+1	09.04.2021-15:31:17
78.029	2.738601E+9	-1.160700E+1	09.04.2021-15:31:17
78.229	2.738601E+9	-1.160700E+1	09.04.2021-15:31:17
78.430	2.738601E+9	-1.164800E+1	09.04.2021-15:31:17
78.631	2.738601E+9	-1.164800E+1	09.04.2021-15:31:17
78.831	2.738601E+9	-1.170300E+1	09.04.2021-15:31:17
79.032	2.738601E+9	-1.170300E+1	09.04.2021-15:31:17
79.232	2.738601E+9	-1.171900E+1	09.04.2021-15:31:17
79.433	2.738601E+9	-1.171900E+1	09.04.2021-15:31:18
79.634	2.738601E+9	-1.173500E+1	09.04.2021-15:31:18
79.834	2.738601E+9	-1.173500E+1	09.04.2021-15:31:18
80.035	2.738601E+9	-1.174000E+1	09.04.2021-15:31:18
80.235	2.738601E+9	-1.169000E+1	09.04.2021-15:31:18
80.436	2.738601E+9	-1.169000E+1	09.04.2021-15:31:18
80.636	2.738601E+9	-1.169000E+1	09.04.2021-15:31:18
80.837	2.738601E+9	-1.163000E+1	09.04.2021-15:31:18
81.038	2.738601E+9	-1.163000E+1	09.04.2021-15:31:18
81.238	2.738601E+9	-1.154200E+1	09.04.2021-15:31:19
81.439	2.738601E+9	-1.154200E+1	09.04.2021-15:31:19
81.639	2.738679E+9	-1.163500E+1	09.04.2021-15:31:19
81.840	2.738679E+9	-1.168300E+1	09.04.2021-15:31:19
82.041	2.738679E+9	-1.168300E+1	09.04.2021-15:31:19
82.241	2.738679E+9	-1.168300E+1	09.04.2021-15:31:19
82.442	2.738679E+9	-1.171200E+1	09.04.2021-15:31:19
82.642	2.738679E+9	-1.165900E+1	09.04.2021-15:31:19
82.843	2.738679E+9	-1.165900E+1	09.04.2021-15:31:20
83.044	2.738679E+9	-1.158000E+1	09.04.2021-15:31:20
83.244	2.738679E+9	-1.158000E+1	09.04.2021-15:31:20
83.445	2.738757E+9	-1.166100E+1	09.04.2021-15:31:20
83.645	2.738757E+9	-1.166100E+1	09.04.2021-15:31:20
83.846	2.738757E+9	-1.172800E+1	09.04.2021-15:31:20
84.046	2.738757E+9	-1.172800E+1	09.04.2021-15:31:20
84.247	2.738757E+9	-1.156500E+1	09.04.2021-15:31:20
84.448	2.738757E+9	-1.156500E+1	09.04.2021-15:31:21
84.648	2.738835E+9	-1.165900E+1	09.04.2021-15:31:21
84.849	2.738835E+9	-1.165900E+1	09.04.2021-15:31:21
85.049	2.738835E+9	-1.171000E+1	09.04.2021-15:31:21
85.250	2.738835E+9	-1.171000E+1	09.04.2021-15:31:21
85.451	2.738913E+9	-1.158700E+1	09.04.2021-15:31:21
85.651	2.738913E+9	-1.158700E+1	09.04.2021-15:31:21
85.852	2.738913E+9	-1.171100E+1	09.04.2021-15:31:21
86.052	2.738913E+9	-1.171100E+1	09.04.2021-15:31:22
86.253	2.738913E+9	-1.159300E+1	09.04.2021-15:31:22
86.454	2.738991E+9	-1.155500E+1	09.04.2021-15:31:22
86.654	2.738991E+9	-1.155500E+1	09.04.2021-15:31:22
86.855	2.738991E+9	-1.171400E+1	09.04.2021-15:31:22
87.055	2.738991E+9	-1.171400E+1	09.04.2021-15:31:22
87.256	2.739069E+9	-1.155800E+1	09.04.2021-15:31:22
87.456	2.739069E+9	-1.155800E+1	09.04.2021-15:31:22
87.657	2.739069E+9	-1.171200E+1	09.04.2021-15:31:22
87.858	2.739069E+9	-1.171200E+1	09.04.2021-15:31:23
88.058	2.739069E+9	-1.165200E+1	09.04.2021-15:31:23
88.259	2.739069E+9	-1.165200E+1	09.04.2021-15:31:23
88.459	2.739147E+9	-1.164400E+1	09.04.2021-15:31:23
88.660	2.739147E+9	-1.169200E+1	09.04.2021-15:31:23
88.861	2.739147E+9	-1.169200E+1	09.04.2021-15:31:23
89.061	2.739147E+9	-1.166300E+1	09.04.2021-15:31:23
89.262	2.739147E+9	-1.166300E+1	09.04.2021-15:31:23
89.462	2.739147E+9	-1.151200E+1	09.04.2021-15:31:24
89.663	2.739147E+9	-1.151200E+1	09.04.2021-15:31:24
89.864	2.739225E+9	-1.153300E+1	09.04.2021-15:31:24
90.064	2.739225E+9	-1.153300E+1	09.04.2021-15:31:24
90.265	2.739225E+9	-1.171600E+1	09.04.2021-15:31:24
90.465	2.739225E+9	-1.171600E+1	09.04.2021-15:31:24
90.666	2.739225E+9	-1.169300E+1	09.04.2021-15:31:24
90.866	2.739225E+9	-1.169300E+1	09.04.2021-15:31:24
91.067	2.739225E+9	-1.167900E+1	09.04.2021-15:31:25
91.268	2.739225E+9	-1.164100E+1	09.04.2021-15:31:25
91.468	2.739225E+9	-1.164100E+1	09.04.2021-15:31:25
91.669	2.739225E+9	-1.159300E+1	09.04.2021-15:31:25
91.869	2.739225E+9	-1.159300E+1	09.04.2021-15:31:25
92.070	2.739225E+9	-1.148900E+1	09.04.2021-15:31:25
92.271	2.739225E+9	-1.148900E+1	09.04.2021-15:31:25
92.471	2.739302E+9	-1.152100E+1	09.04.2021-15:31:25
92.672	2.739302E+9	-1.152100E+1	09.04.2021-15:31:26
92.872	2.739302E+9	-1.156400E+1	09.04.2021-15:31:26
93.073	2.739302E+9	-1.156400E+1	09.04.2021-15:31:26
93.274	2.739302E+9	-1.155300E+1	09.04.2021-15:31:26
93.474	2.739302E+9	-1.157600E+1	09.04.2021-15:31:26
93.675	2.739302E+9	-1.157600E+1	09.04.2021-15:31:26
93.875	2.739302E+9	-1.156900E+1	09.04.2021-15:31:26
94.076	2.739302E+9	-1.156900E+1	09.04.2021-15:31:26
94.276	2.739302E+9	-1.164400E+1	09.04.2021-15:31:27
94.477	2.739302E+9	-1.164400E+1	09.04.2021-15:31:27
94.678	2.739302E+9	-1.163600E+1	09.04.2021-15:31:27
94.878	2.739302E+9	-1.163600E+1	09.04.2021-15:31:27
95.079	2.739302E+9	-1.163600E+1	09.04.2021-15:31:27
95.279	2.739302E+9	-1.163600E+1	09.04.2021-15:31:27
95.480	2.739302E+9	-1.161700E+1	09.04.2021-15:31:27
95.681	2.739302E+9	-1.161500E+1	09.04.2021-15:31:27
95.881	2.739302E+9	-1.161500E+1	09.04.2021-15:31:28
96.082	2.739302E+9	-1.162200E+1	09.04.2021-15:31:28
96.282	2.739302E+9	-1.162200E+1	09.04.2021-15:31:28
96.483	2.739302E+9	-1.162200E+1	09.04.2021-15:31:28
96.684	2.739302E+9	-1.164100E+1	09.04.2021-15:31:28
96.884	2.739302E+9	-1.164100E+1	09.04.2021-15:31:28
97.085	2.739302E+9	-1.165700E+1	09.04.2021-15:31:28
97.285	2.739302E+9	-1.165700E+1	09.04.2021-15:31:28
97.486	2.739302E+9	-1.162300E+1	09.04.2021-15:31:28
97.686	2.739302E+9	-1.164000E+1	09.04.2021-15:31:29
97.887	2.739302E+9	-1.164000E+1	09.04.2021-15:31:29
98.088	2.739302E+9	-1.164000E+1	09.04.2021-15:31:29
98.288	2.739302E+9	-1.161200E+1	09.04.2021-15:31:29
98.489	2.739302E+9	-1.161200E+1	09.04.2021-15:31:29
98.689	2.739302E+9	-1.163500E+1	09.04.2021-15:31:29
98.890	2.739302E+9	-1.163500E+1	09.04.2021-15:31:29
99.091	2.739302E+9	-1.164300E+1	09.04.2021-15:31:29
99.291	2.739302E+9	-1.163400E+1	09.04.2021-15:31:30
99.492	2.739302E+9	-1.163400E+1	09.04.2021-15:31:30
99.692	2.739302E+9	-1.164000E+1	09.04.2021-15:31:30
99.893	2.739302E+9	-1.164000E+1	09.04.2021-15:31:30
100.094	2.739302E+9	-1.164500E+1	09.04.2021-15:31:30
100.294	2.739302E+9	-1.164500E+1	09.04.2021-15:31:30
100.495	2.739302E+9	-1.162600E+1	09.04.2021-15:31:30
100.695	2.739302E+9	-1.162600E+1	09.04.2021-15:31:30
100.896	2.739302E+9	-1.165600E+1	09.04.2021-15:31:31
101.096	2.739302E+9	-1.165600E+1	09.04.2021-15:31:31
101.297	2.739302E+9	-1.165400E+1	09.04.2021-15:31:31
101.498	2.739302E+9	-1.165400E+1	09.04.2021-15:31:31
101.698	2.739302E+9	-1.165200E+1	09.04.2021-15:31:31
101.899	2.739302E+9	-1.165200E+1	09.04.2021-15:31:31
102.099	2.739302E+9	-1.165200E+1	09.04.2021-15:31:31
102.300	2.739302E+9	-1.165200E+1	09.04.2021-15:31:31
102.501	2.739302E+9	-1.163600E+1	09.04.2021-15:31:32
102.701	2.739302E+9	-1.163600E+1	09.04.2021-15:31:32
102.902	2.739302E+9	-1.162300E+1	09.04.2021-15:31:32
103.102	2.739302E+9	-1.162300E+1	09.04.2021-15:31:32
103.303	2.739302E+9	-1.162700E+1	09.04.2021-15:31:32
103.504	2.739302E+9	-1.163600E+1	09.04.2021-15:31:32
103.704	2.739302E+9	-1.163600E+1	09.04.2021-15:31:32
103.905	2.739302E+9	-1.164200E+1	09.04.2021-15:31:32
104.105	2.739302E+9	-1.165600E+1	09.04.2021-15:31:33
104.306	2.739302E+9	-1.165600E+1	09.04.2021-15:31:33
104.506	2.739302E+9	-1.162800E+1	09.04.2021-15:31:33
104.707	2.739302E+9	-1.166400E+1	09.04.2021-15:31:33
104.908	2.739302E+9	-1.166400E+1	09.04.2021-15:31:33
105.108	2.739302E+9	-1.161800E+1	09.04.2021-15:31:33
105.309	2.739302E+9	-1.161800E+1	09.04.2021-15:31:33
105.509	2.739302E+9	-1.163400E+1	09.04.2021-15:31:33
105.710	2.739302E+9	-1.163400E+1	09.04.2021-15:31:34
105.911	2.739302E+9	-1.162500E+1	09.04.2021-15:31:34
106.111	2.739302E+9	-1.162500E+1	09.04.2021-15:31:34
106.312	2.739302E+9	-1.164400E+1	09.04.2021-15:31:34
106.512	2.739302E+9	-1.162800E+1	09.04.2021-15:31:34
106.713	2.739302E+9	-1.162800E+1	09.04.2021-15:31:34
106.914	2.739302E+9	-1.163900E+1	09.04.2021-15:31:34
107.114	2.739302E+9	-1.163900E+1	09.04.2021-15:31:34
107.315	2.739302E+9	-1.161800E+1	09.04.2021-15:31:35
107.515	2.739302E+9	-1.161800E+1	09.04.2021-15:31:35
107.716	2.739302E+9	-1.164600E+1	09.04.2021-15:31:35
107.916	2.739302E+9	-1.161900E+1	09.04.2021-15:31:35
108.117	2.739302E+9	-1.161900E+1	09.04.2021-15:31:35
108.318	2.739302E+9	-1.161500E+1	09.04.2021-15:31:35
108.518	2.739302E+9	-1.161500E+1	09.04.2021-15:31:35
108.719	2.739302E+9	-1.163600E+1	09.04.2021-15:31:35
108.919	2.739302E+9	-1.163600E+1	09.04.2021-15:31:36
109.120	2.739302E+9	-1.163300E+1	09.04.2021-15:31:36
109.321	2.739302E+9	-1.163300E+1	09.04.2021-15:31:36
109.521	2.739302E+9	-1.162100E+1	09.04.2021-15:31:36
109.722	2.739302E+9	-1.162100E+1	09.04.2021-15:31:36
109.922	2.739302E+9	-1.164500E+1	09.04.2021-15:31:36
110.123	2.739302E+9	-1.164500E+1	09.04.2021-15:31:36
